#this file contains opacity table for CO2 from Baeescu (2010)
#Number of rows Number of columns (for interpolation subroutine)
#          41,             41
#Pressure [Pa] Temperature[K]  Rosselane Mean Opacity [m2/kg]
1.000000e+00	5.000000e+01	1.114189885950e-07
1.000000e+00	5.330000e+01	1.111214440430e-07
1.000000e+00	5.680000e+01	1.117082596030e-07
1.000000e+00	6.060000e+01	1.131631313800e-07
1.000000e+00	6.460000e+01	1.154978394590e-07
1.000000e+00	6.890000e+01	1.187503303620e-07
1.000000e+00	7.340000e+01	1.179377204290e-07
1.000000e+00	7.830000e+01	1.151443604650e-07
1.000000e+00	8.340000e+01	1.136755305750e-07
1.000000e+00	8.900000e+01	1.134079820200e-07
1.000000e+00	9.480000e+01	1.130336826120e-07
1.000000e+00	1.011000e+02	1.126682383220e-07
1.000000e+00	1.078000e+02	1.144886243680e-07
1.000000e+00	1.149000e+02	1.161485923650e-07
1.000000e+00	1.225000e+02	1.176017860140e-07
1.000000e+00	1.306000e+02	1.196571538320e-07
1.000000e+00	1.393000e+02	1.211325731420e-07
1.000000e+00	1.485000e+02	1.226662004080e-07
1.000000e+00	1.583000e+02	1.231330606220e-07
1.000000e+00	1.687000e+02	1.231692738390e-07
1.000000e+00	1.799000e+02	1.219187341050e-07
1.000000e+00	1.918000e+02	1.195130971530e-07
1.000000e+00	2.045000e+02	1.162302017270e-07
1.000000e+00	2.180000e+02	1.130420096440e-07
1.000000e+00	2.324000e+02	1.091433528210e-07
1.000000e+00	2.478000e+02	1.059394635130e-07
1.000000e+00	2.642000e+02	1.025808023350e-07
1.000000e+00	2.816000e+02	1.001294979390e-07
1.000000e+00	3.002000e+02	9.769542324610e-08
1.000000e+00	3.201000e+02	9.572852731930e-08
1.000000e+00	3.412000e+02	9.419800981260e-08
1.000000e+00	3.638000e+02	9.306023919000e-08
1.000000e+00	3.879000e+02	9.188591206280e-08
1.000000e+00	4.135000e+02	9.056973651850e-08
1.000000e+00	4.408000e+02	8.925128544160e-08
1.000000e+00	4.700000e+02	8.729025344650e-08
1.000000e+00	5.011000e+02	8.402516700240e-08
1.000000e+00	5.342000e+02	7.968057094020e-08
1.000000e+00	5.695000e+02	7.368298199660e-08
1.000000e+00	6.072000e+02	6.583378482630e-08
1.000000e+00	6.473000e+02	5.681388280350e-08
     
1.530000e+00	5.000000e+01	1.700508654780e-07
1.530000e+00	5.330000e+01	1.695967427160e-07
1.530000e+00	5.680000e+01	1.704923579970e-07
1.530000e+00	6.060000e+01	1.727128236610e-07
1.530000e+00	6.460000e+01	1.762761246590e-07
1.530000e+00	6.890000e+01	1.812401684170e-07
1.530000e+00	7.340000e+01	1.799999376930e-07
1.530000e+00	7.830000e+01	1.757366339500e-07
1.530000e+00	8.340000e+01	1.734948646860e-07
1.530000e+00	8.900000e+01	1.730865243510e-07
1.530000e+00	9.480000e+01	1.725152561440e-07
1.530000e+00	1.011000e+02	1.719575042020e-07
1.530000e+00	1.078000e+02	1.747358320310e-07
1.530000e+00	1.149000e+02	1.772693203960e-07
1.530000e+00	1.225000e+02	1.794872277100e-07
1.530000e+00	1.306000e+02	1.826241885860e-07
1.530000e+00	1.393000e+02	1.848760140300e-07
1.530000e+00	1.485000e+02	1.872166815800e-07
1.530000e+00	1.583000e+02	1.879292197140e-07
1.530000e+00	1.687000e+02	1.879844856190e-07
1.530000e+00	1.799000e+02	1.860758765500e-07
1.530000e+00	1.918000e+02	1.824043270260e-07
1.530000e+00	2.045000e+02	1.773938743470e-07
1.530000e+00	2.180000e+02	1.725279639690e-07
1.530000e+00	2.324000e+02	1.665777242710e-07
1.530000e+00	2.478000e+02	1.616878544070e-07
1.530000e+00	2.642000e+02	1.565617694390e-07
1.530000e+00	2.816000e+02	1.528205180330e-07
1.530000e+00	3.002000e+02	1.491055648510e-07
1.530000e+00	3.201000e+02	1.461036315810e-07
1.530000e+00	3.412000e+02	1.437677115730e-07
1.530000e+00	3.638000e+02	1.420312130610e-07
1.530000e+00	3.879000e+02	1.402389203580e-07
1.530000e+00	4.135000e+02	1.382301359370e-07
1.530000e+00	4.408000e+02	1.362178773850e-07
1.530000e+00	4.700000e+02	1.332248946460e-07
1.530000e+00	5.011000e+02	1.282416262930e-07
1.530000e+00	5.342000e+02	1.216107796160e-07
1.530000e+00	5.695000e+02	1.124570860900e-07
1.530000e+00	6.072000e+02	1.004774154380e-07
1.530000e+00	6.473000e+02	8.671098201440e-08
     
2.330000e+00	5.000000e+01	2.595365390520e-07
2.330000e+00	5.330000e+01	2.588434409700e-07
2.330000e+00	5.680000e+01	2.602103568730e-07
2.330000e+00	6.060000e+01	2.635992988220e-07
2.330000e+00	6.460000e+01	2.690377091620e-07
2.330000e+00	6.890000e+01	2.766139740510e-07
2.330000e+00	7.340000e+01	2.747210991500e-07
2.330000e+00	7.830000e+01	2.682143235870e-07
2.330000e+00	8.340000e+01	2.647928693880e-07
2.330000e+00	8.900000e+01	2.641696486460e-07
2.330000e+00	9.480000e+01	2.632977631080e-07
2.330000e+00	1.011000e+02	2.624465050970e-07
2.330000e+00	1.078000e+02	2.666868717500e-07
2.330000e+00	1.149000e+02	2.705535548490e-07
2.330000e+00	1.225000e+02	2.739385852620e-07
2.330000e+00	1.306000e+02	2.787263090950e-07
2.330000e+00	1.393000e+02	2.821631063440e-07
2.330000e+00	1.485000e+02	2.857355048650e-07
2.330000e+00	1.583000e+02	2.868229965680e-07
2.330000e+00	1.687000e+02	2.869073475060e-07
2.330000e+00	1.799000e+02	2.839943717240e-07
2.330000e+00	1.918000e+02	2.783907461960e-07
2.330000e+00	2.045000e+02	2.707436514770e-07
2.330000e+00	2.180000e+02	2.633171570480e-07
2.330000e+00	2.324000e+02	2.542357301340e-07
2.330000e+00	2.478000e+02	2.467726686110e-07
2.330000e+00	2.642000e+02	2.389490895110e-07
2.330000e+00	2.816000e+02	2.332390879560e-07
2.330000e+00	3.002000e+02	2.275692157480e-07
2.330000e+00	3.201000e+02	2.229875788810e-07
2.330000e+00	3.412000e+02	2.194224309230e-07
2.330000e+00	3.638000e+02	2.167721373270e-07
2.330000e+00	3.879000e+02	2.140366892750e-07
2.330000e+00	4.135000e+02	2.109708229380e-07
2.330000e+00	4.408000e+02	2.078996554110e-07
2.330000e+00	4.700000e+02	2.033316795380e-07
2.330000e+00	5.011000e+02	1.957260704790e-07
2.330000e+00	5.342000e+02	1.856058809610e-07
2.330000e+00	5.695000e+02	1.716352505650e-07
2.330000e+00	6.072000e+02	1.533515304930e-07
2.330000e+00	6.473000e+02	1.323408031250e-07
     
3.560000e+00	5.000000e+01	3.961121290620e-07
3.560000e+00	5.330000e+01	3.950543097910e-07
3.560000e+00	5.680000e+01	3.971405341160e-07
3.560000e+00	6.060000e+01	4.023128287290e-07
3.560000e+00	6.460000e+01	4.106130944100e-07
3.560000e+00	6.890000e+01	4.221762070170e-07
3.560000e+00	7.340000e+01	4.192872470760e-07
3.560000e+00	7.830000e+01	4.093564201230e-07
3.560000e+00	8.340000e+01	4.041344983440e-07
3.560000e+00	8.900000e+01	4.031833120310e-07
3.560000e+00	9.480000e+01	4.018526222120e-07
3.560000e+00	1.011000e+02	4.005534072950e-07
3.560000e+00	1.078000e+02	4.070251716550e-07
3.560000e+00	1.149000e+02	4.129266155470e-07
3.560000e+00	1.225000e+02	4.180929531630e-07
3.560000e+00	1.306000e+02	4.254001117530e-07
3.560000e+00	1.393000e+02	4.306454510470e-07
3.560000e+00	1.485000e+02	4.360977440860e-07
3.560000e+00	1.583000e+02	4.377575102390e-07
3.560000e+00	1.687000e+02	4.378862483240e-07
3.560000e+00	1.799000e+02	4.334403757300e-07
3.560000e+00	1.918000e+02	4.248879601600e-07
3.560000e+00	2.045000e+02	4.132167446390e-07
3.560000e+00	2.180000e+02	4.018822214580e-07
3.560000e+00	2.324000e+02	3.880218794290e-07
3.560000e+00	2.478000e+02	3.766315484040e-07
3.560000e+00	2.642000e+02	3.646909760410e-07
3.560000e+00	2.816000e+02	3.559762021160e-07
3.560000e+00	3.002000e+02	3.473226869350e-07
3.560000e+00	3.201000e+02	3.403300582520e-07
3.560000e+00	3.412000e+02	3.348888271640e-07
3.560000e+00	3.638000e+02	3.308438736130e-07
3.560000e+00	3.879000e+02	3.266689513120e-07
3.560000e+00	4.135000e+02	3.219897400060e-07
3.560000e+00	4.408000e+02	3.173024370010e-07
3.560000e+00	4.700000e+02	3.103306589800e-07
3.560000e+00	5.011000e+02	2.987227574280e-07
3.560000e+00	5.342000e+02	2.832770341210e-07
3.560000e+00	5.695000e+02	2.619546564740e-07
3.560000e+00	6.072000e+02	2.340495200240e-07
3.560000e+00	6.473000e+02	2.019823399150e-07
     
5.430000e+00	5.000000e+01	6.045577043960e-07
5.430000e+00	5.330000e+01	6.029432196650e-07
5.430000e+00	5.680000e+01	6.061272749200e-07
5.430000e+00	6.060000e+01	6.140213830020e-07
5.430000e+00	6.460000e+01	6.266894813320e-07
5.430000e+00	6.890000e+01	6.443374394470e-07
5.430000e+00	7.340000e+01	6.399282266540e-07
5.430000e+00	7.830000e+01	6.247715028010e-07
5.430000e+00	8.340000e+01	6.168016638710e-07
5.430000e+00	8.900000e+01	6.153499376910e-07
5.430000e+00	9.480000e+01	6.133189962100e-07
5.430000e+00	1.011000e+02	6.113360973400e-07
5.430000e+00	1.078000e+02	6.212134897130e-07
5.430000e+00	1.149000e+02	6.302204515390e-07
5.430000e+00	1.225000e+02	6.381054577390e-07
5.430000e+00	1.306000e+02	6.492578473230e-07
5.430000e+00	1.393000e+02	6.572634334500e-07
5.430000e+00	1.485000e+02	6.655848765420e-07
5.430000e+00	1.583000e+02	6.681180534700e-07
5.430000e+00	1.687000e+02	6.683145323040e-07
5.430000e+00	1.799000e+02	6.615291251980e-07
5.430000e+00	1.918000e+02	6.484761788920e-07
5.430000e+00	2.045000e+02	6.306632332720e-07
5.430000e+00	2.180000e+02	6.133641576350e-07
5.430000e+00	2.324000e+02	5.922101111250e-07
5.430000e+00	2.478000e+02	5.748258636960e-07
5.430000e+00	2.642000e+02	5.566018206210e-07
5.430000e+00	2.816000e+02	5.433010892470e-07
5.430000e+00	3.002000e+02	5.300938451080e-07
5.430000e+00	3.201000e+02	5.194214974920e-07
5.430000e+00	3.412000e+02	5.111169304390e-07
5.430000e+00	3.638000e+02	5.049434077660e-07
5.430000e+00	3.879000e+02	4.985715284760e-07
5.430000e+00	4.135000e+02	4.914299731110e-07
5.430000e+00	4.408000e+02	4.842760823130e-07
5.430000e+00	4.700000e+02	4.736355564280e-07
5.430000e+00	5.011000e+02	4.559192440230e-07
5.430000e+00	5.342000e+02	4.323455362130e-07
5.430000e+00	5.695000e+02	3.998027124530e-07
5.430000e+00	6.072000e+02	3.572130912630e-07
5.430000e+00	6.473000e+02	3.082712425430e-07
     
8.280000e+00	5.000000e+01	9.226933292860e-07
8.280000e+00	5.330000e+01	9.202292664080e-07
8.280000e+00	5.680000e+01	9.250888641860e-07
8.280000e+00	6.060000e+01	9.371370763750e-07
8.280000e+00	6.460000e+01	9.564714784960e-07
8.280000e+00	6.890000e+01	9.834063178960e-07
8.280000e+00	7.340000e+01	9.766768379730e-07
8.280000e+00	7.830000e+01	9.535442163610e-07
8.280000e+00	8.340000e+01	9.413804244680e-07
8.280000e+00	8.900000e+01	9.391647557650e-07
8.280000e+00	9.480000e+01	9.360650737080e-07
8.280000e+00	1.011000e+02	9.330387248210e-07
8.280000e+00	1.078000e+02	9.481138795480e-07
8.280000e+00	1.149000e+02	9.618605479940e-07
8.280000e+00	1.225000e+02	9.738948825260e-07
8.280000e+00	1.306000e+02	9.909159680990e-07
8.280000e+00	1.393000e+02	1.003134322330e-06
8.280000e+00	1.485000e+02	1.015834748070e-06
8.280000e+00	1.583000e+02	1.019700946140e-06
8.280000e+00	1.687000e+02	1.020000783170e-06
8.280000e+00	1.799000e+02	1.009644672940e-06
8.280000e+00	1.918000e+02	9.897229091580e-07
8.280000e+00	2.045000e+02	9.625362908590e-07
8.280000e+00	2.180000e+02	9.361339563510e-07
8.280000e+00	2.324000e+02	9.038480405160e-07
8.280000e+00	2.478000e+02	8.773157289530e-07
8.280000e+00	2.642000e+02	8.495016893660e-07
8.280000e+00	2.816000e+02	8.292017172280e-07
8.280000e+00	3.002000e+02	8.090444471170e-07
8.280000e+00	3.201000e+02	7.927560108560e-07
8.280000e+00	3.412000e+02	7.800813461270e-07
8.280000e+00	3.638000e+02	7.706591389030e-07
8.280000e+00	3.879000e+02	7.609341827260e-07
8.280000e+00	4.135000e+02	7.500345474550e-07
8.280000e+00	4.408000e+02	7.391160635200e-07
8.280000e+00	4.700000e+02	7.228761914400e-07
8.280000e+00	5.011000e+02	6.958370482430e-07
8.280000e+00	5.342000e+02	6.598581812350e-07
8.280000e+00	5.695000e+02	6.101903843220e-07
8.280000e+00	6.072000e+02	5.451888854350e-07
8.280000e+00	6.473000e+02	4.704924265320e-07
     
1.264000E+01	5.000000E+01	1.408241151930E-06
1.264000e+01	5.330000e+01	1.404480418380e-06
1.264000e+01	5.680000e+01	1.411897294030e-06
1.264000e+01	6.060000e+01	1.430285620060e-06
1.264000e+01	6.460000e+01	1.459794371830e-06
1.264000e+01	6.890000e+01	1.500903066200e-06
1.264000e+01	7.340000e+01	1.490632370610e-06
1.264000e+01	7.830000e+01	1.455326688190e-06
1.264000e+01	8.340000e+01	1.436761937840e-06
1.264000e+01	8.900000e+01	1.433380326730e-06
1.264000e+01	9.480000e+01	1.428649495000e-06
1.264000e+01	1.011000e+02	1.424030615540e-06
1.264000e+01	1.078000e+02	1.447038728370e-06
1.264000e+01	1.149000e+02	1.468019309190e-06
1.264000e+01	1.225000e+02	1.486386429190e-06
1.264000e+01	1.306000e+02	1.512364497260e-06
1.264000e+01	1.393000e+02	1.531012447750e-06
1.264000e+01	1.485000e+02	1.550396208410e-06
1.264000e+01	1.583000e+02	1.556296856690e-06
1.264000e+01	1.687000e+02	1.556754406400e-06
1.264000e+01	1.799000e+02	1.540948549820e-06
1.264000e+01	1.918000e+02	1.510543436480e-06
1.264000e+01	2.045000e+02	1.469050472850e-06
1.264000e+01	2.180000e+02	1.428754451450e-06
1.264000e+01	2.324000e+02	1.379478816320e-06
1.264000e+01	2.478000e+02	1.338984454660e-06
1.264000e+01	2.642000e+02	1.296533894560e-06
1.264000e+01	2.816000e+02	1.265551532220e-06
1.264000e+01	3.002000e+02	1.234786942210e-06
1.264000e+01	3.201000e+02	1.209927060670e-06
1.264000e+01	3.412000e+02	1.190582627990e-06
1.264000e+01	3.638000e+02	1.176202181130e-06
1.264000e+01	3.879000e+02	1.161359690750e-06
1.264000e+01	4.135000e+02	1.144724361910e-06
1.264000e+01	4.408000e+02	1.128060257170e-06
1.264000e+01	4.700000e+02	1.103274482530e-06
1.264000e+01	5.011000e+02	1.062006568820e-06
1.264000e+01	5.342000e+02	1.007094577310e-06
1.264000e+01	5.695000e+02	9.312901577440e-07
1.264000e+01	6.072000e+02	8.320829910270e-07
1.264000e+01	6.473000e+02	7.180791022150e-07
     
1.929000e+01	5.000000e+01	2.149298091410e-06
1.929000e+01	5.330000e+01	2.143558377310e-06
1.929000e+01	5.680000e+01	2.154878183680e-06
1.929000e+01	6.060000e+01	2.182943014050e-06
1.929000e+01	6.460000e+01	2.227980065960e-06
1.929000e+01	6.890000e+01	2.290721359590e-06
1.929000e+01	7.340000e+01	2.275045905660e-06
1.929000e+01	7.830000e+01	2.221161375290e-06
1.929000e+01	8.340000e+01	2.192827330300e-06
1.929000e+01	8.900000e+01	2.187666228860e-06
1.929000e+01	9.480000e+01	2.180445900090e-06
1.929000e+01	1.011000e+02	2.173396388170e-06
1.929000e+01	1.078000e+02	2.208512091850e-06
1.929000e+01	1.149000e+02	2.240533210380e-06
1.929000e+01	1.225000e+02	2.268565620250e-06
1.929000e+01	1.306000e+02	2.308213990410e-06
1.929000e+01	1.393000e+02	2.336674917660e-06
1.929000e+01	1.485000e+02	2.366258901940e-06
1.929000e+01	1.583000e+02	2.375264587320e-06
1.929000e+01	1.687000e+02	2.375962592860e-06
1.929000e+01	1.799000e+02	2.351839067030e-06
1.929000e+01	1.918000e+02	2.305433990270e-06
1.929000e+01	2.045000e+02	2.242106322020e-06
1.929000e+01	2.180000e+02	2.180605469300e-06
1.929000e+01	2.324000e+02	2.105399687960e-06
1.929000e+01	2.478000e+02	2.043596225610e-06
1.929000e+01	2.642000e+02	1.978807074750e-06
1.929000e+01	2.816000e+02	1.931520979490e-06
1.929000e+01	3.002000e+02	1.884567223710e-06
1.929000e+01	3.201000e+02	1.846625402640e-06
1.929000e+01	3.412000e+02	1.817101382270e-06
1.929000e+01	3.638000e+02	1.795153547900e-06
1.929000e+01	3.879000e+02	1.772500489950e-06
1.929000e+01	4.135000e+02	1.747111171160e-06
1.929000e+01	4.408000e+02	1.721677946530e-06
1.929000e+01	4.700000e+02	1.683849183910e-06
1.929000e+01	5.011000e+02	1.620864906970e-06
1.929000e+01	5.342000e+02	1.537056658120e-06
1.929000e+01	5.695000e+02	1.421361776240e-06
1.929000e+01	6.072000e+02	1.269948956550e-06
1.929000e+01	6.473000e+02	1.095952954180e-06
     
2.944000e+01	5.000000e+01	3.280320521950e-06
2.944000e+01	5.330000e+01	3.271560443830e-06
2.944000e+01	5.680000e+01	3.288837079860e-06
2.944000e+01	6.060000e+01	3.331670438510e-06
2.944000e+01	6.460000e+01	3.400407282180e-06
2.944000e+01	6.890000e+01	3.496164842250e-06
2.944000e+01	7.340000e+01	3.472240455980e-06
2.944000e+01	7.830000e+01	3.390000354100e-06
2.944000e+01	8.340000e+01	3.346756127600e-06
2.944000e+01	8.900000e+01	3.338879091080e-06
2.944000e+01	9.480000e+01	3.327859199360e-06
2.944000e+01	1.011000e+02	3.317100063110e-06
2.944000e+01	1.078000e+02	3.370694639630e-06
2.944000e+01	1.149000e+02	3.419566175930e-06
2.944000e+01	1.225000e+02	3.462349961370e-06
2.944000e+01	1.306000e+02	3.522862117760e-06
2.944000e+01	1.393000e+02	3.566299554990e-06
2.944000e+01	1.485000e+02	3.611451299260e-06
2.944000e+01	1.583000e+02	3.625195738260e-06
2.944000e+01	1.687000e+02	3.626260006020e-06
2.944000e+01	1.799000e+02	3.589441342740e-06
2.944000e+01	1.918000e+02	3.518616914610e-06
2.944000e+01	2.045000e+02	3.421964780480e-06
2.944000e+01	2.180000e+02	3.328100552570e-06
2.944000e+01	2.324000e+02	3.213319804840e-06
2.944000e+01	2.478000e+02	3.118994179640e-06
2.944000e+01	2.642000e+02	3.020111512160e-06
2.944000e+01	2.816000e+02	2.947942417320e-06
2.944000e+01	3.002000e+02	2.876280438650e-06
2.944000e+01	3.201000e+02	2.818372635850e-06
2.944000e+01	3.412000e+02	2.773312322900e-06
2.944000e+01	3.638000e+02	2.739814904440e-06
2.944000e+01	3.879000e+02	2.705241202180e-06
2.944000e+01	4.135000e+02	2.666491287510e-06
2.944000e+01	4.408000e+02	2.627674371210e-06
2.944000e+01	4.700000e+02	2.569939040430e-06
2.944000e+01	5.011000e+02	2.473810621280e-06
2.944000e+01	5.342000e+02	2.345900054210e-06
2.944000e+01	5.695000e+02	2.169323180770e-06
2.944000e+01	6.072000e+02	1.938232588830e-06
2.944000e+01	6.473000e+02	1.672674909880e-06
     
4.493000e+01	5.000000e+01	5.006519482300e-06
4.493000e+01	5.330000e+01	4.993149474900e-06
4.493000e+01	5.680000e+01	5.019517589710e-06
4.493000e+01	6.060000e+01	5.084891065920e-06
4.493000e+01	6.460000e+01	5.189799204600e-06
4.493000e+01	6.890000e+01	5.335947179990e-06
4.493000e+01	7.340000e+01	5.299433153080e-06
4.493000e+01	7.830000e+01	5.173915940580e-06
4.493000e+01	8.340000e+01	5.107915383920e-06
4.493000e+01	8.900000e+01	5.095893224540e-06
4.493000e+01	9.480000e+01	5.079074354620e-06
4.493000e+01	1.011000e+02	5.062653404150e-06
4.493000e+01	1.078000e+02	5.144450978600e-06
4.493000e+01	1.149000e+02	5.219039999790e-06
4.493000e+01	1.225000e+02	5.284337499640e-06
4.493000e+01	1.306000e+02	5.376691872540e-06
4.493000e+01	1.393000e+02	5.442985743750e-06
4.493000e+01	1.485000e+02	5.511897106140e-06
4.493000e+01	1.583000e+02	5.532873214100e-06
4.493000e+01	1.687000e+02	5.534493750060e-06
4.493000e+01	1.799000e+02	5.478297592840e-06
4.493000e+01	1.918000e+02	5.370204614480e-06
4.493000e+01	2.045000e+02	5.222692506430e-06
4.493000e+01	2.180000e+02	5.079434849820e-06
4.493000e+01	2.324000e+02	4.904254739040e-06
4.493000e+01	2.478000e+02	4.760294393130e-06
4.493000e+01	2.642000e+02	4.609378546310e-06
4.493000e+01	2.816000e+02	4.499232869180e-06
4.493000e+01	3.002000e+02	4.389860934570e-06
4.493000e+01	3.201000e+02	4.301480758570e-06
4.493000e+01	3.412000e+02	4.232708580170e-06
4.493000e+01	3.638000e+02	4.181584029180e-06
4.493000e+01	3.879000e+02	4.128816702920e-06
4.493000e+01	4.135000e+02	4.069675523710e-06
4.493000e+01	4.408000e+02	4.010432043970e-06
4.493000e+01	4.700000e+02	3.922314727820e-06
4.493000e+01	5.011000e+02	3.775600804820e-06
4.493000e+01	5.342000e+02	3.580380028680e-06
4.493000e+01	5.695000e+02	3.310883358180e-06
4.493000e+01	6.072000e+02	2.958186245200e-06
4.493000e+01	6.473000e+02	2.552884469960e-06
     
6.858000e+01	5.000000e+01	7.641093412390e-06
6.858000e+01	5.330000e+01	7.620687771470e-06
6.858000e+01	5.680000e+01	7.660931514150e-06
6.858000e+01	6.060000e+01	7.760706339570e-06
6.858000e+01	6.460000e+01	7.920820311820e-06
6.858000e+01	6.890000e+01	8.143875425070e-06
6.858000e+01	7.340000e+01	8.088146655120e-06
6.858000e+01	7.830000e+01	7.896578700640e-06
6.858000e+01	8.340000e+01	7.795846746540e-06
6.858000e+01	8.900000e+01	7.777498126900e-06
6.858000e+01	9.480000e+01	7.751828771680e-06
6.858000e+01	1.011000e+02	7.726766537980e-06
6.858000e+01	1.078000e+02	7.851608269060e-06
6.858000e+01	1.149000e+02	7.965447929960e-06
6.858000e+01	1.225000e+02	8.065105813630e-06
6.858000e+01	1.306000e+02	8.206056576110e-06
6.858000e+01	1.393000e+02	8.307230921970e-06
6.858000e+01	1.485000e+02	8.412402992930e-06
6.858000e+01	1.583000e+02	8.444413928660e-06
6.858000e+01	1.687000e+02	8.446874677780e-06
6.858000e+01	1.799000e+02	8.361097433570e-06
6.858000e+01	1.918000e+02	8.196126342100e-06
6.858000e+01	2.045000e+02	7.970993207570e-06
6.858000e+01	2.180000e+02	7.752351409340e-06
6.858000e+01	2.324000e+02	7.484992111100e-06
6.858000e+01	2.478000e+02	7.265283145730e-06
6.858000e+01	2.642000e+02	7.034956412530e-06
6.858000e+01	2.816000e+02	6.866852648390e-06
6.858000e+01	3.002000e+02	6.699928421110e-06
6.858000e+01	3.201000e+02	6.565041380970e-06
6.858000e+01	3.412000e+02	6.460080141620e-06
6.858000e+01	3.638000e+02	6.382052717140e-06
6.858000e+01	3.879000e+02	6.301517866250e-06
6.858000e+01	4.135000e+02	6.211255050610e-06
6.858000e+01	4.408000e+02	6.120836022440e-06
6.858000e+01	4.700000e+02	5.986348882290e-06
6.858000e+01	5.011000e+02	5.762429913120e-06
6.858000e+01	5.342000e+02	5.464478423180e-06
6.858000e+01	5.695000e+02	5.053164911430e-06
6.858000e+01	6.072000e+02	4.514868470800e-06
6.858000e+01	6.473000e+02	3.896285313130e-06
     
1.046700e+02	5.000000e+01	1.166205675900e-05
1.046700e+02	5.330000e+01	1.163091301170e-05
1.046700e+02	5.680000e+01	1.169233434070e-05
1.046700e+02	6.060000e+01	1.184461353820e-05
1.046700e+02	6.460000e+01	1.208898374870e-05
1.046700e+02	6.890000e+01	1.242941706980e-05
1.046700e+02	7.340000e+01	1.234436210860e-05
1.046700e+02	7.830000e+01	1.205198576700e-05
1.046700e+02	8.340000e+01	1.189824566440e-05
1.046700e+02	8.900000e+01	1.187024157300e-05
1.046700e+02	9.480000e+01	1.183106415080e-05
1.046700e+02	1.011000e+02	1.179281346300e-05
1.046700e+02	1.078000e+02	1.198335015590e-05
1.046700e+02	1.149000e+02	1.215709477450e-05
1.046700e+02	1.225000e+02	1.230919264030e-05
1.046700e+02	1.306000e+02	1.252430676130e-05
1.046700e+02	1.393000e+02	1.267870651940e-05
1.046700e+02	1.485000e+02	1.283921352690e-05
1.046700e+02	1.583000e+02	1.288805812090e-05
1.046700e+02	1.687000e+02	1.289177372740e-05
1.046700e+02	1.799000e+02	1.276082335760e-05
1.046700e+02	1.918000e+02	1.250904738620e-05
1.046700e+02	2.045000e+02	1.216545520720e-05
1.046700e+02	2.180000e+02	1.183176509300e-05
1.046700e+02	2.324000e+02	1.142373291090e-05
1.046700e+02	2.478000e+02	1.108843308690e-05
1.046700e+02	2.642000e+02	1.073692143590e-05
1.046700e+02	2.816000e+02	1.048036921790e-05
1.046700e+02	3.002000e+02	1.022561264940e-05
1.046700e+02	3.201000e+02	1.001974915710e-05
1.046700e+02	3.412000e+02	9.859556537960e-06
1.046700e+02	3.638000e+02	9.740470265530e-06
1.046700e+02	3.879000e+02	9.617556594140e-06
1.046700e+02	4.135000e+02	9.479795254840e-06
1.046700e+02	4.408000e+02	9.341795360460e-06
1.046700e+02	4.700000e+02	9.136537414840e-06
1.046700e+02	5.011000e+02	8.794785878770e-06
1.046700e+02	5.342000e+02	8.340043749740e-06
1.046700e+02	5.695000e+02	7.712285294860e-06
1.046700e+02	6.072000e+02	6.890721843640e-06
1.046700e+02	6.473000e+02	5.946622489090e-06
     
1.597500e+02	5.000000e+01	1.779896926930e-05
1.597500e+02	5.330000e+01	1.775143680130e-05
1.597500e+02	5.680000e+01	1.784517971030e-05
1.597500e+02	6.060000e+01	1.807759267320e-05
1.597500e+02	6.460000e+01	1.845055775340e-05
1.597500e+02	6.890000e+01	1.897013680050e-05
1.597500e+02	7.340000e+01	1.884032401000e-05
1.597500e+02	7.830000e+01	1.839409014270e-05
1.597500e+02	8.340000e+01	1.815944761470e-05
1.597500e+02	8.900000e+01	1.811670692750e-05
1.597500e+02	9.480000e+01	1.805691318180e-05
1.597500e+02	1.011000e+02	1.799853346010e-05
1.597500e+02	1.078000e+02	1.828933536010e-05
1.597500e+02	1.149000e+02	1.855450708520e-05
1.597500e+02	1.225000e+02	1.878663696310e-05
1.597500e+02	1.306000e+02	1.911492952790e-05
1.597500e+02	1.393000e+02	1.935053928650e-05
1.597500e+02	1.485000e+02	1.959547450180e-05
1.597500e+02	1.583000e+02	1.966998450740e-05
1.597500e+02	1.687000e+02	1.967554140830e-05
1.597500e+02	1.799000e+02	1.947555113790e-05
1.597500e+02	1.918000e+02	1.909127939890e-05
1.597500e+02	2.045000e+02	1.856691191940e-05
1.597500e+02	2.180000e+02	1.805764727940e-05
1.597500e+02	2.324000e+02	1.743496172460e-05
1.597500e+02	2.478000e+02	1.692330892100e-05
1.597500e+02	2.642000e+02	1.638688963740e-05
1.597500e+02	2.816000e+02	1.599537631050e-05
1.597500e+02	3.002000e+02	1.560658744390e-05
1.597500e+02	3.201000e+02	1.529240896630e-05
1.597500e+02	3.412000e+02	1.504792816200e-05
1.597500e+02	3.638000e+02	1.486618035960e-05
1.597500e+02	3.879000e+02	1.467858862900e-05
1.597500e+02	4.135000e+02	1.446833487070e-05
1.597500e+02	4.408000e+02	1.425771619040e-05
1.597500e+02	4.700000e+02	1.394444592940e-05
1.597500e+02	5.011000e+02	1.342285528520e-05
1.597500e+02	5.342000e+02	1.272881485060e-05
1.597500e+02	5.695000e+02	1.177071195780e-05
1.597500e+02	6.072000e+02	1.051681821070e-05
1.597500e+02	6.473000e+02	9.075906543740e-06
     
2.438100e+02	5.000000e+01	2.716529250620e-05
2.438100e+02	5.330000e+01	2.709274735390e-05
2.438100e+02	5.680000e+01	2.723582014450e-05
2.438100e+02	6.060000e+01	2.759053569300e-05
2.438100e+02	6.460000e+01	2.815976539620e-05
2.438100e+02	6.890000e+01	2.895276163640e-05
2.438100e+02	7.340000e+01	2.875463734010e-05
2.438100e+02	7.830000e+01	2.807358315250e-05
2.438100e+02	8.340000e+01	2.771546475750e-05
2.438100e+02	8.900000e+01	2.765023255430e-05
2.438100e+02	9.480000e+01	2.755897297730e-05
2.438100e+02	1.011000e+02	2.746987163070e-05
2.438100e+02	1.078000e+02	2.791369955600e-05
2.438100e+02	1.149000e+02	2.831840615930e-05
2.438100e+02	1.225000e+02	2.867267326330e-05
2.438100e+02	1.306000e+02	2.917368071500e-05
2.438100e+02	1.393000e+02	2.953319574830e-05
2.438100e+02	1.485000e+02	2.990692075100e-05
2.438100e+02	1.583000e+02	3.002051567430e-05
2.438100e+02	1.687000e+02	3.002870816540e-05
2.438100e+02	1.799000e+02	2.972304713660e-05
2.438100e+02	1.918000e+02	2.913640665480e-05
2.438100e+02	2.045000e+02	2.833615467830e-05
2.438100e+02	2.180000e+02	2.755896085570e-05
2.438100e+02	2.324000e+02	2.660880710420e-05
2.438100e+02	2.478000e+02	2.582821270510e-05
2.438100e+02	2.642000e+02	2.500974954400e-05
2.438100e+02	2.816000e+02	2.441236222230e-05
2.438100e+02	3.002000e+02	2.381907957640e-05
2.438100e+02	3.201000e+02	2.333962981750e-05
2.438100e+02	3.412000e+02	2.296652937320e-05
2.438100e+02	3.638000e+02	2.268915861310e-05
2.438100e+02	3.879000e+02	2.240286074860e-05
2.438100e+02	4.135000e+02	2.208197081230e-05
2.438100e+02	4.408000e+02	2.176052143240e-05
2.438100e+02	4.700000e+02	2.128240148140e-05
2.438100e+02	5.011000e+02	2.048633591470e-05
2.438100e+02	5.342000e+02	1.942707266390e-05
2.438100e+02	5.695000e+02	1.796478933150e-05
2.438100e+02	6.072000e+02	1.605106185970e-05
2.438100e+02	6.473000e+02	1.385190237980e-05
     
3.721100e+02	5.000000e+01	4.146045777180e-05
3.721100e+02	5.330000e+01	4.134973749390e-05
3.721100e+02	5.680000e+01	4.156809938180e-05
3.721100e+02	6.060000e+01	4.210947588590e-05
3.721100e+02	6.460000e+01	4.297825120730e-05
3.721100e+02	6.890000e+01	4.418854568210e-05
3.721100e+02	7.340000e+01	4.388616245060e-05
3.721100e+02	7.830000e+01	4.284671727780e-05
3.721100e+02	8.340000e+01	4.230014654910e-05
3.721100e+02	8.900000e+01	4.220058681270e-05
3.721100e+02	9.480000e+01	4.206130248260e-05
3.721100e+02	1.011000e+02	4.192531072260e-05
3.721100e+02	1.078000e+02	4.260268715130e-05
3.721100e+02	1.149000e+02	4.322034514780e-05
3.721100e+02	1.225000e+02	4.376099739210e-05
3.721100e+02	1.306000e+02	4.452555861790e-05
3.721100e+02	1.393000e+02	4.507412097470e-05
3.721100e+02	1.485000e+02	4.564429029800e-05
3.721100e+02	1.583000e+02	4.581730262930e-05
3.721100e+02	1.687000e+02	4.582912024940e-05
3.721100e+02	1.799000e+02	4.536144275280e-05
3.721100e+02	1.918000e+02	4.446522981770e-05
3.721100e+02	2.045000e+02	4.324373150600e-05
3.721100e+02	2.180000e+02	4.205765101950e-05
3.721100e+02	2.324000e+02	4.060807359270e-05
3.721100e+02	2.478000e+02	3.941765631960e-05
3.721100e+02	2.642000e+02	3.816927406720e-05
3.721100e+02	2.816000e+02	3.725803971890e-05
3.721100e+02	3.002000e+02	3.635288947560e-05
3.721100e+02	3.201000e+02	3.562134218850e-05
3.721100e+02	3.412000e+02	3.505202022290e-05
3.721100e+02	3.638000e+02	3.462875254580e-05
3.721100e+02	3.879000e+02	3.419183093700e-05
3.721100e+02	4.135000e+02	3.370209835170e-05
3.721100e+02	4.408000e+02	3.321150406010e-05
3.721100e+02	4.700000e+02	3.248178940720e-05
3.721100e+02	5.011000e+02	3.126681483070e-05
3.721100e+02	5.342000e+02	2.965013945200e-05
3.721100e+02	5.695000e+02	2.741836286680e-05
3.721100e+02	6.072000e+02	2.449757914780e-05
3.721100e+02	6.473000e+02	2.114116104610e-05
     
5.679300e+02	5.000000e+01	6.327812716260e-05
5.679300e+02	5.330000e+01	6.310914243310e-05
5.679300e+02	5.680000e+01	6.344241235690e-05
5.679300e+02	6.060000e+01	6.426867617220e-05
5.679300e+02	6.460000e+01	6.559462631300e-05
5.679300e+02	6.890000e+01	6.744181124730e-05
5.679300e+02	7.340000e+01	6.698030536300e-05
5.679300e+02	7.830000e+01	6.539387478800e-05
5.679300e+02	8.340000e+01	6.455968243320e-05
5.679300e+02	8.900000e+01	6.440773005280e-05
5.679300e+02	9.480000e+01	6.419514656610e-05
5.679300e+02	1.011000e+02	6.398758580710e-05
5.679300e+02	1.078000e+02	6.502139805460e-05
5.679300e+02	1.149000e+02	6.596403897440e-05
5.679300e+02	1.225000e+02	6.678908284920e-05
5.679300e+02	1.306000e+02	6.795574317120e-05
5.679300e+02	1.393000e+02	6.879269841510e-05
5.679300e+02	1.485000e+02	6.966253262630e-05
5.679300e+02	1.583000e+02	6.992577185190e-05
5.679300e+02	1.687000e+02	6.994222422210e-05
5.679300e+02	1.799000e+02	6.922574043850e-05
5.679300e+02	1.918000e+02	6.785498875460e-05
5.679300e+02	2.045000e+02	6.598931186150e-05
5.679300e+02	2.180000e+02	6.417881058630e-05
5.679300e+02	2.324000e+02	6.196770824540e-05
5.679300e+02	2.478000e+02	6.015345815670e-05
5.679300e+02	2.642000e+02	5.825055228990e-05
5.679300e+02	2.816000e+02	5.686148666650e-05
5.679300e+02	3.002000e+02	5.548114504130e-05
5.679300e+02	3.201000e+02	5.436532863860e-05
5.679300e+02	3.412000e+02	5.349681263440e-05
5.679300e+02	3.638000e+02	5.285103062800e-05
5.679300e+02	3.879000e+02	5.218431040080e-05
5.679300e+02	4.135000e+02	5.143693367040e-05
5.679300e+02	4.408000e+02	5.068821186810e-05
5.679300e+02	4.700000e+02	4.957452301090e-05
5.679300e+02	5.011000e+02	4.772020929520e-05
5.679300e+02	5.342000e+02	4.525280308710e-05
5.679300e+02	5.695000e+02	4.184661167720e-05
5.679300e+02	6.072000e+02	3.738883809820e-05
5.679300e+02	6.473000e+02	3.226618792910e-05
     
8.667900e+02	5.000000e+01	9.657691471100e-05
8.667900e+02	5.330000e+01	9.631900373950e-05
8.667900e+02	5.680000e+01	9.682765064990e-05
8.667900e+02	6.060000e+01	9.808871914160e-05
8.667900e+02	6.460000e+01	1.001124198360e-04
8.667900e+02	6.890000e+01	1.029316460370e-04
8.667900e+02	7.340000e+01	1.022272834560e-04
8.667900e+02	7.830000e+01	9.980602552050e-05
8.667900e+02	8.340000e+01	9.853285677440e-05
8.667900e+02	8.900000e+01	9.830094057980e-05
8.667900e+02	9.480000e+01	9.797648168170e-05
8.667900e+02	1.011000e+02	9.765967504560e-05
8.667900e+02	1.078000e+02	9.923747075740e-05
8.667900e+02	1.149000e+02	1.006760391490e-04
8.667900e+02	1.225000e+02	1.019349474470e-04
8.667900e+02	1.306000e+02	1.037148868400e-04
8.667900e+02	1.393000e+02	1.049915538040e-04
8.667900e+02	1.485000e+02	1.063185353400e-04
8.667900e+02	1.583000e+02	1.067189056710e-04
8.667900e+02	1.687000e+02	1.067407873080e-04
8.667900e+02	1.799000e+02	1.056416431190e-04
8.667900e+02	1.918000e+02	1.035423208420e-04
8.667900e+02	2.045000e+02	1.006892134810e-04
8.667900e+02	2.180000e+02	9.792293907770e-05
8.667900e+02	2.324000e+02	9.454988032260e-05
8.667900e+02	2.478000e+02	9.178684958950e-05
8.667900e+02	2.642000e+02	8.888922063860e-05
8.667900e+02	2.816000e+02	8.677434483110e-05
8.667900e+02	3.002000e+02	8.467126328590e-05
8.667900e+02	3.201000e+02	8.297057916230e-05
8.667900e+02	3.412000e+02	8.164638406540e-05
8.667900e+02	3.638000e+02	8.066153709670e-05
8.667900e+02	3.879000e+02	7.964439369950e-05
8.667900e+02	4.135000e+02	7.850396211200e-05
8.667900e+02	4.408000e+02	7.736137278770e-05
8.667900e+02	4.700000e+02	7.566170574350e-05
8.667900e+02	5.011000e+02	7.283164795530e-05
8.667900e+02	5.342000e+02	6.906585665870e-05
8.667900e+02	5.695000e+02	6.386726006770e-05
8.667900e+02	6.072000e+02	5.706371089500e-05
8.667900e+02	6.473000e+02	4.924540940310e-05
     
1.322920e+03	5.000000e+01	1.473985076400e-04
1.322920e+03	5.330000e+01	1.470048791060e-04
1.322920e+03	5.680000e+01	1.477811888510e-04
1.322920e+03	6.060000e+01	1.497058645770e-04
1.322920e+03	6.460000e+01	1.527944975830e-04
1.322920e+03	6.890000e+01	1.570972812360e-04
1.322920e+03	7.340000e+01	1.560222592190e-04
1.322920e+03	7.830000e+01	1.523268645920e-04
1.322920e+03	8.340000e+01	1.503837147690e-04
1.322920e+03	8.900000e+01	1.500297487620e-04
1.322920e+03	9.480000e+01	1.495345314170e-04
1.322920e+03	1.011000e+02	1.490509726500e-04
1.322920e+03	1.078000e+02	1.514589522870e-04
1.322920e+03	1.149000e+02	1.536542994780e-04
1.322920e+03	1.225000e+02	1.555750168640e-04
1.322920e+03	1.306000e+02	1.582899814740e-04
1.322920e+03	1.393000e+02	1.602362882050e-04
1.322920e+03	1.485000e+02	1.622602625640e-04
1.322920e+03	1.583000e+02	1.628694902380e-04
1.322920e+03	1.687000e+02	1.628976213030e-04
1.322920e+03	1.799000e+02	1.612097691970e-04
1.322920e+03	1.918000e+02	1.579910712560e-04
1.322920e+03	2.045000e+02	1.536214432180e-04
1.322920e+03	2.180000e+02	1.493864371990e-04
1.322920e+03	2.324000e+02	1.442350370570e-04
1.322920e+03	2.478000e+02	1.400280594230e-04
1.322920e+03	2.642000e+02	1.356212244540e-04
1.322920e+03	2.816000e+02	1.324076820440e-04
1.322920e+03	3.002000e+02	1.292089374700e-04
1.322920e+03	3.201000e+02	1.266207090820e-04
1.322920e+03	3.412000e+02	1.246041925870e-04
1.322920e+03	3.638000e+02	1.231036799850e-04
1.322920e+03	3.879000e+02	1.215527439340e-04
1.322920e+03	4.135000e+02	1.198130004660e-04
1.322920e+03	4.408000e+02	1.180696075470e-04
1.322920e+03	4.700000e+02	1.154757962500e-04
1.322920e+03	5.011000e+02	1.111566567460e-04
1.322920e+03	5.342000e+02	1.054093220480e-04
1.322920e+03	5.695000e+02	9.747518598750e-05
1.322920e+03	6.072000e+02	8.709153037970e-05
1.322920e+03	6.473000e+02	7.515913849170e-05
     
2.019080e+03	5.000000e+01	2.249637623020e-04
2.019080e+03	5.330000e+01	2.243629938240e-04
2.019080e+03	5.680000e+01	2.255478200680e-04
2.019080e+03	6.060000e+01	2.284853124780e-04
2.019080e+03	6.460000e+01	2.331992586480e-04
2.019080e+03	6.890000e+01	2.397662889330e-04
2.019080e+03	7.340000e+01	2.381255552030e-04
2.019080e+03	7.830000e+01	2.324855295880e-04
2.019080e+03	8.340000e+01	2.295198332920e-04
2.019080e+03	8.900000e+01	2.289795847520e-04
2.019080e+03	9.480000e+01	2.282237342490e-04
2.019080e+03	1.011000e+02	2.274856165110e-04
2.019080e+03	1.078000e+02	2.311605455930e-04
2.019080e+03	1.149000e+02	2.345106711730e-04
2.019080e+03	1.225000e+02	2.374408308910e-04
2.019080e+03	1.306000e+02	2.415810981600e-04
2.019080e+03	1.393000e+02	2.445456014460e-04
2.019080e+03	1.485000e+02	2.476297848190e-04
2.019080e+03	1.583000e+02	2.485566512860e-04
2.019080e+03	1.687000e+02	2.485924829320e-04
2.019080e+03	1.799000e+02	2.460000762690e-04
2.019080e+03	1.918000e+02	2.410619655260e-04
2.019080e+03	2.045000e+02	2.343618298820e-04
2.019080e+03	2.180000e+02	2.278633011710e-04
2.019080e+03	2.324000e+02	2.199757519210e-04
2.019080e+03	2.478000e+02	2.135606712990e-04
2.019080e+03	2.642000e+02	2.068643006560e-04
2.019080e+03	2.816000e+02	2.019938586020e-04
2.019080e+03	3.002000e+02	1.971422659240e-04
2.019080e+03	3.201000e+02	1.932143412240e-04
2.019080e+03	3.412000e+02	1.901510622060e-04
2.019080e+03	3.638000e+02	1.878695053400e-04
2.019080e+03	3.879000e+02	1.855073469160e-04
2.019080e+03	4.135000e+02	1.828548964920e-04
2.019080e+03	4.408000e+02	1.801956611940e-04
2.019080e+03	4.700000e+02	1.762378527000e-04
2.019080e+03	5.011000e+02	1.696464685720e-04
2.019080e+03	5.342000e+02	1.608751636580e-04
2.019080e+03	5.695000e+02	1.487662538680e-04
2.019080e+03	6.072000e+02	1.329188456210e-04
2.019080e+03	6.473000e+02	1.147077398350e-04
     
3.081580e+03	5.000000e+01	3.433462647630e-04
3.081580e+03	5.330000e+01	3.424293489520e-04
3.081580e+03	5.680000e+01	3.442376623520e-04
3.081580e+03	6.060000e+01	3.487209450420e-04
3.081580e+03	6.460000e+01	3.559154979390e-04
3.081580e+03	6.890000e+01	3.659382645450e-04
3.081580e+03	7.340000e+01	3.634341059950e-04
3.081580e+03	7.830000e+01	3.548261150550e-04
3.081580e+03	8.340000e+01	3.502997412920e-04
3.081580e+03	8.900000e+01	3.494751564490e-04
3.081580e+03	9.480000e+01	3.483214594480e-04
3.081580e+03	1.011000e+02	3.471947285140e-04
3.081580e+03	1.078000e+02	3.528030821070e-04
3.081580e+03	1.149000e+02	3.579152408000e-04
3.081580e+03	1.225000e+02	3.623849749280e-04
3.081580e+03	1.306000e+02	3.686978168050e-04
3.081580e+03	1.393000e+02	3.732093660710e-04
3.081580e+03	1.485000e+02	3.779003347960e-04
3.081580e+03	1.583000e+02	3.793049749350e-04
3.081580e+03	1.687000e+02	3.793501044730e-04
3.081580e+03	1.799000e+02	3.753714258080e-04
3.081580e+03	1.918000e+02	3.677947237320e-04
3.081580e+03	2.045000e+02	3.575139028610e-04
3.081580e+03	2.180000e+02	3.475241394350e-04
3.081580e+03	2.324000e+02	3.354111192160e-04
3.081580e+03	2.478000e+02	3.255874555450e-04
3.081580e+03	2.642000e+02	3.154019902660e-04
3.081580e+03	2.816000e+02	3.080360178530e-04
3.081580e+03	3.002000e+02	3.007045349180e-04
3.081580e+03	3.201000e+02	2.947701180270e-04
3.081580e+03	3.412000e+02	2.901374410770e-04
3.081580e+03	3.638000e+02	2.866821606090e-04
3.081580e+03	3.879000e+02	2.830930171590e-04
3.081580e+03	4.135000e+02	2.790540892960e-04
3.081580e+03	4.408000e+02	2.750008431990e-04
3.081580e+03	4.700000e+02	2.689635236190e-04
3.081580e+03	5.011000e+02	2.589056693350e-04
3.081580e+03	5.342000e+02	2.455201709250e-04
3.081580e+03	5.695000e+02	2.270405735350e-04
3.081580e+03	6.072000e+02	2.028552587240e-04
3.081580e+03	6.473000e+02	1.750624955860e-04
     
4.703190e+03	5.000000e+01	5.240247994090e-04
4.703190e+03	5.330000e+01	5.226253806150e-04
4.703190e+03	5.680000e+01	5.253852751110e-04
4.703190e+03	6.060000e+01	5.322277773500e-04
4.703190e+03	6.460000e+01	5.432082779830e-04
4.703190e+03	6.890000e+01	5.585052589570e-04
4.703190e+03	7.340000e+01	5.546832705380e-04
4.703190e+03	7.830000e+01	5.415454183940e-04
4.703190e+03	8.340000e+01	5.346370275470e-04
4.703190e+03	8.900000e+01	5.333783538450e-04
4.703190e+03	9.480000e+01	5.316172972030e-04
4.703190e+03	1.011000e+02	5.298971565350e-04
4.703190e+03	1.078000e+02	5.384558778770e-04
4.703190e+03	1.149000e+02	5.462565465240e-04
4.703190e+03	1.225000e+02	5.530743344940e-04
4.703190e+03	1.306000e+02	5.626985901910e-04
4.703190e+03	1.393000e+02	5.695607585300e-04
4.703190e+03	1.485000e+02	5.766804371470e-04
4.703190e+03	1.583000e+02	5.787850450020e-04
4.703190e+03	1.687000e+02	5.788269636670e-04
4.703190e+03	1.799000e+02	5.727230378800e-04
4.703190e+03	1.918000e+02	5.611029265190e-04
4.703190e+03	2.045000e+02	5.453242055180e-04
4.703190e+03	2.180000e+02	5.299498463260e-04
4.703190e+03	2.324000e+02	5.113067136060e-04
4.703190e+03	2.478000e+02	4.961855497680e-04
4.703190e+03	2.642000e+02	4.806292598240e-04
4.703190e+03	2.816000e+02	4.694856080630e-04
4.703190e+03	3.002000e+02	4.584459840640e-04
4.703190e+03	3.201000e+02	4.495337098810e-04
4.703190e+03	3.412000e+02	4.425771764220e-04
4.703190e+03	3.638000e+02	4.373818506380e-04
4.703190e+03	3.879000e+02	4.319534368670e-04
4.703190e+03	4.135000e+02	4.258188646680e-04
4.703190e+03	4.408000e+02	4.196501422730e-04
4.703190e+03	4.700000e+02	4.104463921380e-04
4.703190e+03	5.011000e+02	3.951028250970e-04
4.703190e+03	5.342000e+02	3.746786001840e-04
4.703190e+03	5.695000e+02	3.464791545970e-04
4.703190e+03	6.072000e+02	3.095718016110e-04
4.703190e+03	6.473000e+02	2.671589996300e-04
     
7.178150e+03	5.000000e+01	7.997819191390e-04
7.178150e+03	5.330000e+01	7.976460678470e-04
7.178150e+03	5.680000e+01	8.018583073160e-04
7.178150e+03	6.060000e+01	8.123015153510e-04
7.178150e+03	6.460000e+01	8.290602409360e-04
7.178150e+03	6.890000e+01	8.524068340060e-04
7.178150e+03	7.340000e+01	8.465734125890e-04
7.178150e+03	7.830000e+01	8.265217546410e-04
7.178150e+03	8.340000e+01	8.159775965460e-04
7.178150e+03	8.900000e+01	8.140560391010e-04
7.178150e+03	9.480000e+01	8.113675269340e-04
7.178150e+03	1.011000e+02	8.087410319590e-04
7.178150e+03	1.078000e+02	8.218015569300e-04
7.178150e+03	1.149000e+02	8.337039574110e-04
7.178150e+03	1.225000e+02	8.441028500580e-04
7.178150e+03	1.306000e+02	8.587741073690e-04
7.178150e+03	1.393000e+02	8.692072095460e-04
7.178150e+03	1.485000e+02	8.799961344320e-04
7.178150e+03	1.583000e+02	8.831004082910e-04
7.178150e+03	1.687000e+02	8.830685403310e-04
7.178150e+03	1.799000e+02	8.736844007190e-04
7.178150e+03	1.918000e+02	8.558723775540e-04
7.178150e+03	2.045000e+02	8.316612490090e-04
7.178150e+03	2.180000e+02	8.079870330640e-04
7.178150e+03	2.324000e+02	7.792515973800e-04
7.178150e+03	2.478000e+02	7.558808470870e-04
7.178150e+03	2.642000e+02	7.319776575070e-04
7.178150e+03	2.816000e+02	7.150295845430e-04
7.178150e+03	3.002000e+02	6.984266878070e-04
7.178150e+03	3.201000e+02	6.851255179530e-04
7.178150e+03	3.412000e+02	6.747788763940e-04
7.178150e+03	3.638000e+02	6.670549497750e-04
7.178150e+03	3.879000e+02	6.589100691790e-04
7.178150e+03	4.135000e+02	6.496361795480e-04
7.178150e+03	4.408000e+02	6.402751354980e-04
7.178150e+03	4.700000e+02	6.262613708250e-04
7.178150e+03	5.011000e+02	6.028659011190e-04
7.178150e+03	5.342000e+02	5.717103091560e-04
7.178150e+03	5.695000e+02	5.286866600780e-04
7.178150e+03	6.072000e+02	4.723739749240e-04
7.178150e+03	6.473000e+02	4.076598945610e-04
     
1.095549e+04	5.000000e+01	1.220649798680e-03
1.095549e+04	5.330000e+01	1.217390022150e-03
1.095549e+04	5.680000e+01	1.223818853310e-03
1.095549e+04	6.060000e+01	1.239757554810e-03
1.095549e+04	6.460000e+01	1.265335143870e-03
1.095549e+04	6.890000e+01	1.300967199070e-03
1.095549e+04	7.340000e+01	1.292063691080e-03
1.095549e+04	7.830000e+01	1.261459652220e-03
1.095549e+04	8.340000e+01	1.245365776040e-03
1.095549e+04	8.900000e+01	1.242431509050e-03
1.095549e+04	9.480000e+01	1.238326188660e-03
1.095549e+04	1.011000e+02	1.234314873000e-03
1.095549e+04	1.078000e+02	1.254243875450e-03
1.095549e+04	1.149000e+02	1.272402971700e-03
1.095549e+04	1.225000e+02	1.288262730660e-03
1.095549e+04	1.306000e+02	1.310626286280e-03
1.095549e+04	1.393000e+02	1.326482182320e-03
1.095549e+04	1.485000e+02	1.342811955640e-03
1.095549e+04	1.583000e+02	1.347323861630e-03
1.095549e+04	1.687000e+02	1.347000906370e-03
1.095549e+04	1.799000e+02	1.332457522740e-03
1.095549e+04	1.918000e+02	1.305123121130e-03
1.095549e+04	2.045000e+02	1.267995485430e-03
1.095549e+04	2.180000e+02	1.231548765910e-03
1.095549e+04	2.324000e+02	1.187233016930e-03
1.095549e+04	2.478000e+02	1.151019536410e-03
1.095549e+04	2.642000e+02	1.114096992640e-03
1.095549e+04	2.816000e+02	1.088073638360e-03
1.095549e+04	3.002000e+02	1.063000024950e-03
1.095549e+04	3.201000e+02	1.043221941130e-03
1.095549e+04	3.412000e+02	1.027993672650e-03
1.095549e+04	3.638000e+02	1.016685710370e-03
1.095549e+04	3.879000e+02	1.004613888800e-03
1.095549e+04	4.135000e+02	9.907031417270e-04
1.095549e+04	4.408000e+02	9.765699078750e-04
1.095549e+04	4.700000e+02	9.552792149780e-04
1.095549e+04	5.011000e+02	9.196389869020e-04
1.095549e+04	5.342000e+02	8.721381527910e-04
1.095549e+04	5.695000e+02	8.065210419010e-04
1.095549e+04	6.072000e+02	7.206264528550e-04
1.095549e+04	6.473000e+02	6.219135568490e-04
     
1.672058e+04	5.000000e+01	1.862990192380e-03
1.672058e+04	5.330000e+01	1.858015055590e-03
1.672058e+04	5.680000e+01	1.867826917910e-03
1.672058e+04	6.060000e+01	1.892153011280e-03
1.672058e+04	6.460000e+01	1.931190176740e-03
1.672058e+04	6.890000e+01	1.985572585340e-03
1.672058e+04	7.340000e+01	1.971983233040e-03
1.672058e+04	7.830000e+01	1.925273223860e-03
1.672058e+04	8.340000e+01	1.900708034080e-03
1.672058e+04	8.900000e+01	1.896225957020e-03
1.672058e+04	9.480000e+01	1.889954963400e-03
1.672058e+04	1.011000e+02	1.883826200830e-03
1.672058e+04	1.078000e+02	1.914233555430e-03
1.672058e+04	1.149000e+02	1.941935334950e-03
1.672058e+04	1.225000e+02	1.966119826950e-03
1.672058e+04	1.306000e+02	2.000206861090e-03
1.672058e+04	1.393000e+02	2.024296333330e-03
1.672058e+04	1.485000e+02	2.048982727980e-03
1.672058e+04	1.583000e+02	2.055453851720e-03
1.672058e+04	1.687000e+02	2.054366450090e-03
1.672058e+04	1.799000e+02	2.031550784020e-03
1.672058e+04	1.918000e+02	1.989385701890e-03
1.672058e+04	2.045000e+02	1.932420213520e-03
1.672058e+04	2.180000e+02	1.876363621070e-03
1.672058e+04	2.324000e+02	1.808040734040e-03
1.672058e+04	2.478000e+02	1.751869617670e-03
1.672058e+04	2.642000e+02	1.694649196350e-03
1.672058e+04	2.816000e+02	1.654322983590e-03
1.672058e+04	3.002000e+02	1.616075719530e-03
1.672058e+04	3.201000e+02	1.586566640170e-03
1.672058e+04	3.412000e+02	1.564321791490e-03
1.672058e+04	3.638000e+02	1.548050757130e-03
1.672058e+04	3.879000e+02	1.530447354670e-03
1.672058e+04	4.135000e+02	1.509817814130e-03
1.672058e+04	4.408000e+02	1.488647196260e-03
1.672058e+04	4.700000e+02	1.456413770330e-03
1.672058e+04	5.011000e+02	1.402199649930e-03
1.672058e+04	5.342000e+02	1.329839242600e-03
1.672058e+04	5.695000e+02	1.229824063150e-03
1.672058e+04	6.072000e+02	1.098877501000e-03
1.672058e+04	6.473000e+02	9.483818000830e-04
     
2.551945e+04	5.000000e+01	2.843351737150e-03
2.551945e+04	5.330000e+01	2.835758481860e-03
2.551945e+04	5.680000e+01	2.850733672340e-03
2.551945e+04	6.060000e+01	2.887860873910e-03
2.551945e+04	6.460000e+01	2.947440469030e-03
2.551945e+04	6.890000e+01	3.030440291250e-03
2.551945e+04	7.340000e+01	3.009699050100e-03
2.551945e+04	7.830000e+01	2.938407034000e-03
2.551945e+04	8.340000e+01	2.900911102920e-03
2.551945e+04	8.900000e+01	2.894063099550e-03
2.551945e+04	9.480000e+01	2.884480303540e-03
2.551945e+04	1.011000e+02	2.875110182880e-03
2.551945e+04	1.078000e+02	2.921498350790e-03
2.551945e+04	1.149000e+02	2.963751885890e-03
2.551945e+04	1.225000e+02	3.000624298180e-03
2.551945e+04	1.306000e+02	3.052576309050e-03
2.551945e+04	1.393000e+02	3.089174287650e-03
2.551945e+04	1.485000e+02	3.126463814750e-03
2.551945e+04	1.583000e+02	3.135611865580e-03
2.551945e+04	1.687000e+02	3.132828118120e-03
2.551945e+04	1.799000e+02	3.096630948820e-03
2.551945e+04	1.918000e+02	3.031021536580e-03
2.551945e+04	2.045000e+02	2.943247985070e-03
2.551945e+04	2.180000e+02	2.857036539040e-03
2.551945e+04	2.324000e+02	2.751837653340e-03
2.551945e+04	2.478000e+02	2.664734770080e-03
2.551945e+04	2.642000e+02	2.575930958990e-03
2.551945e+04	2.816000e+02	2.513085505190e-03
2.551945e+04	3.002000e+02	2.454132783120e-03
2.551945e+04	3.201000e+02	2.409578292470e-03
2.551945e+04	3.412000e+02	2.377030377190e-03
2.551945e+04	3.638000e+02	2.353943548580e-03
2.551945e+04	3.879000e+02	2.328733008350e-03
2.551945e+04	4.135000e+02	2.298579288940e-03
2.551945e+04	4.408000e+02	2.267208451780e-03
2.551945e+04	4.700000e+02	2.218645602090e-03
2.551945e+04	5.011000e+02	2.136343680190e-03
2.551945e+04	5.342000e+02	2.026235923270e-03
2.551945e+04	5.695000e+02	1.873913963830e-03
2.551945e+04	6.072000e+02	1.674438939920e-03
2.551945e+04	6.473000e+02	1.445178768520e-03
     
3.894851e+04	5.000000e+01	4.339603949270e-03
3.894851e+04	5.330000e+01	4.328014959860e-03
3.894851e+04	5.680000e+01	4.350870428830e-03
3.894851e+04	6.060000e+01	4.407534945950e-03
3.894851e+04	6.460000e+01	4.498467011010e-03
3.894851e+04	6.890000e+01	4.625143376130e-03
3.894851e+04	7.340000e+01	4.593486653090e-03
3.894851e+04	7.830000e+01	4.484676327650e-03
3.894851e+04	8.340000e+01	4.427443478660e-03
3.894851e+04	8.900000e+01	4.416980367110e-03
3.894851e+04	9.480000e+01	4.402333518940e-03
3.894851e+04	1.011000e+02	4.387998224320e-03
3.894851e+04	1.078000e+02	4.458748394330e-03
3.894851e+04	1.149000e+02	4.523177953070e-03
3.894851e+04	1.225000e+02	4.579379099000e-03
3.894851e+04	1.306000e+02	4.658549622950e-03
3.894851e+04	1.393000e+02	4.714163727280e-03
3.894851e+04	1.485000e+02	4.770510736990e-03
3.894851e+04	1.583000e+02	4.783300607640e-03
3.894851e+04	1.687000e+02	4.777066671920e-03
3.894851e+04	1.799000e+02	4.719146658480e-03
3.894851e+04	1.918000e+02	4.616136201870e-03
3.894851e+04	2.045000e+02	4.479814764000e-03
3.894851e+04	2.180000e+02	4.346651517600e-03
3.894851e+04	2.324000e+02	4.184816551540e-03
3.894851e+04	2.478000e+02	4.050006198190e-03
3.894851e+04	2.642000e+02	3.912214336620e-03
3.894851e+04	2.816000e+02	3.814014603710e-03
3.894851e+04	3.002000e+02	3.722533454110e-03
3.894851e+04	3.201000e+02	3.654349245630e-03
3.894851e+04	3.412000e+02	3.606104342380e-03
3.894851e+04	3.638000e+02	3.573431925480e-03
3.894851e+04	3.879000e+02	3.537870609970e-03
3.894851e+04	4.135000e+02	3.494476189380e-03
3.894851e+04	4.408000e+02	3.448594999260e-03
3.894851e+04	4.700000e+02	3.375873296620e-03
3.894851e+04	5.011000e+02	3.251231064830e-03
3.894851e+04	5.342000e+02	3.083879291970e-03
3.894851e+04	5.695000e+02	2.852084989890e-03
3.894851e+04	6.072000e+02	2.548485611330e-03
3.894851e+04	6.473000e+02	2.199597868730e-03
     
5.944431e+04	5.000000e+01	6.623226447720e-03
5.944431e+04	5.330000e+01	6.605539030580e-03
5.944431e+04	5.680000e+01	6.640421680980e-03
5.944431e+04	6.060000e+01	6.726904703810e-03
5.944431e+04	6.460000e+01	6.865687618880e-03
5.944431e+04	6.890000e+01	7.059024256950e-03
5.944431e+04	7.340000e+01	7.010707650710e-03
5.944431e+04	7.830000e+01	6.844635471660e-03
5.944431e+04	8.340000e+01	6.757277804530e-03
5.944431e+04	8.900000e+01	6.741292615780e-03
5.944431e+04	9.480000e+01	6.718905600600e-03
5.944431e+04	1.011000e+02	6.696967254320e-03
5.944431e+04	1.078000e+02	6.804849855180e-03
5.944431e+04	1.149000e+02	6.903048082600e-03
5.944431e+04	1.225000e+02	6.988655674690e-03
5.944431e+04	1.306000e+02	7.109265640900e-03
5.944431e+04	1.393000e+02	7.193784977100e-03
5.944431e+04	1.485000e+02	7.279030619700e-03
5.944431e+04	1.583000e+02	7.296918045920e-03
5.944431e+04	1.687000e+02	7.284276143560e-03
5.944431e+04	1.799000e+02	7.191100357910e-03
5.944431e+04	1.918000e+02	7.028063434580e-03
5.944431e+04	2.045000e+02	6.814344488390e-03
5.944431e+04	2.180000e+02	6.606658768860e-03
5.944431e+04	2.324000e+02	6.356875821540e-03
5.944431e+04	2.478000e+02	6.148563417510e-03
5.944431e+04	2.642000e+02	5.935264845220e-03
5.944431e+04	2.816000e+02	5.781895961490e-03
5.944431e+04	3.002000e+02	5.639481326550e-03
5.944431e+04	3.201000e+02	5.534117980000e-03
5.944431e+04	3.412000e+02	5.461401468360e-03
5.944431e+04	3.638000e+02	5.414631592610e-03
5.944431e+04	3.879000e+02	5.364834211520e-03
5.944431e+04	4.135000e+02	5.303253707370e-03
5.944431e+04	4.408000e+02	5.237103334390e-03
5.944431e+04	4.700000e+02	5.128971652710e-03
5.944431e+04	5.011000e+02	4.940718647010e-03
5.944431e+04	5.342000e+02	4.686618136910e-03
5.944431e+04	5.695000e+02	4.334074619350e-03
5.944431e+04	6.072000e+02	3.872323197690e-03
5.944431e+04	6.473000e+02	3.341941525730e-03
     
9.072570e+04	5.000000e+01	1.010856796490e-02
9.072570e+04	5.330000e+01	1.008157281730e-02
9.072570e+04	5.680000e+01	1.013481178610e-02
9.072570e+04	6.060000e+01	1.026680460610e-02
9.072570e+04	6.460000e+01	1.047861878120e-02
9.072570e+04	6.890000e+01	1.077369425860e-02
9.072570e+04	7.340000e+01	1.069995053400e-02
9.072570e+04	7.830000e+01	1.044648232040e-02
9.072570e+04	8.340000e+01	1.031314503610e-02
9.072570e+04	8.900000e+01	1.028872640950e-02
9.072570e+04	9.480000e+01	1.025451348940e-02
9.072570e+04	1.011000e+02	1.022094249510e-02
9.072570e+04	1.078000e+02	1.038543377080e-02
9.072570e+04	1.149000e+02	1.053504603810e-02
9.072570e+04	1.225000e+02	1.066533890410e-02
9.072570e+04	1.306000e+02	1.084894414540e-02
9.072570e+04	1.393000e+02	1.097731105900e-02
9.072570e+04	1.485000e+02	1.110636977630e-02
9.072570e+04	1.583000e+02	1.113159414610e-02
9.072570e+04	1.687000e+02	1.110806000370e-02
9.072570e+04	1.799000e+02	1.095842398410e-02
9.072570e+04	1.918000e+02	1.069907003060e-02
9.072570e+04	2.045000e+02	1.036097158830e-02
9.072570e+04	2.180000e+02	1.003292740550e-02
9.072570e+04	2.324000e+02	9.643815118810e-03
9.072570e+04	2.478000e+02	9.320537979120e-03
9.072570e+04	2.642000e+02	8.990975878870e-03
9.072570e+04	2.816000e+02	8.752369028720e-03
9.072570e+04	3.002000e+02	8.530949148660e-03
9.072570e+04	3.201000e+02	8.367422171350e-03
9.072570e+04	3.412000e+02	8.256348856240e-03
9.072570e+04	3.638000e+02	8.188140673920e-03
9.072570e+04	3.879000e+02	8.118285549870e-03
9.072570e+04	4.135000e+02	8.031821238260e-03
9.072570e+04	4.408000e+02	7.937859689740e-03
9.072570e+04	4.700000e+02	7.778416067480e-03
9.072570e+04	5.011000e+02	7.495068333610e-03
9.072570e+04	5.342000e+02	7.109671564070e-03
9.072570e+04	5.695000e+02	6.573568723890e-03
9.072570e+04	6.072000e+02	5.871462355700e-03
9.072570e+04	6.473000e+02	5.065760089350e-03
     
1.384681e+05	5.000000e+01	1.542798234650e-02
1.384681e+05	5.330000e+01	1.538678172550e-02
1.384681e+05	5.680000e+01	1.546803618890e-02
1.384681e+05	6.060000e+01	1.566948698710e-02
1.384681e+05	6.460000e+01	1.599276322150e-02
1.384681e+05	6.890000e+01	1.644311464940e-02
1.384681e+05	7.340000e+01	1.633056205740e-02
1.384681e+05	7.830000e+01	1.594370599920e-02
1.384681e+05	8.340000e+01	1.574019012800e-02
1.384681e+05	8.900000e+01	1.570289329380e-02
1.384681e+05	9.480000e+01	1.565061528240e-02
1.384681e+05	1.011000e+02	1.559925668460e-02
1.384681e+05	1.078000e+02	1.585007311080e-02
1.384681e+05	1.149000e+02	1.607800502790e-02
1.384681e+05	1.225000e+02	1.627621176150e-02
1.384681e+05	1.306000e+02	1.655549941350e-02
1.384681e+05	1.393000e+02	1.675018697220e-02
1.384681e+05	1.485000e+02	1.694545168380e-02
1.384681e+05	1.583000e+02	1.698118596000e-02
1.384681e+05	1.687000e+02	1.693998331770e-02
1.384681e+05	1.799000e+02	1.670169682510e-02
1.384681e+05	1.918000e+02	1.628969646730e-02
1.384681e+05	2.045000e+02	1.575207579430e-02
1.384681e+05	2.180000e+02	1.522766961240e-02
1.384681e+05	2.324000e+02	1.461342120260e-02
1.384681e+05	2.478000e+02	1.410507503700e-02
1.384681e+05	2.642000e+02	1.359326664750e-02
1.384681e+05	2.816000e+02	1.322269381500e-02
1.384681e+05	3.002000e+02	1.288010098580e-02
1.384681e+05	3.201000e+02	1.262708348020e-02
1.384681e+05	3.412000e+02	1.245665249550e-02
1.384681e+05	3.638000e+02	1.235562288460e-02
1.384681e+05	3.879000e+02	1.225691533110e-02
1.384681e+05	4.135000e+02	1.213628442670e-02
1.384681e+05	4.408000e+02	1.200476583230e-02
1.384681e+05	4.700000e+02	1.177197346160e-02
1.384681e+05	5.011000e+02	1.134760342320e-02
1.384681e+05	5.342000e+02	1.076427783640e-02
1.384681e+05	5.695000e+02	9.949357173310e-03
1.384681e+05	6.072000e+02	8.881756219630e-03
1.384681e+05	6.473000e+02	7.658130732660e-03
     
2.113340e+05	5.000000e+01	2.354661428420e-02
2.113340e+05	5.330000e+01	2.348373229330e-02
2.113340e+05	5.680000e+01	2.360774560890e-02
2.113340e+05	6.060000e+01	2.391520466120e-02
2.113340e+05	6.460000e+01	2.440859652020e-02
2.113340e+05	6.890000e+01	2.509593238940e-02
2.113340e+05	7.340000e+01	2.492414648160e-02
2.113340e+05	7.830000e+01	2.433370664000e-02
2.113340e+05	8.340000e+01	2.402307695800e-02
2.113340e+05	8.900000e+01	2.396611405560e-02
2.113340e+05	9.480000e+01	2.388624474650e-02
2.113340e+05	1.011000e+02	2.380769617200e-02
2.113340e+05	1.078000e+02	2.419017749450e-02
2.113340e+05	1.149000e+02	2.453747483460e-02
2.113340e+05	1.225000e+02	2.483901066400e-02
2.113340e+05	1.306000e+02	2.526373309290e-02
2.113340e+05	1.393000e+02	2.555868798950e-02
2.113340e+05	1.485000e+02	2.585372071250e-02
2.113340e+05	1.583000e+02	2.590408571840e-02
2.113340e+05	1.687000e+02	2.583439533530e-02
2.113340e+05	1.799000e+02	2.545855375130e-02
2.113340e+05	1.918000e+02	2.480852302240e-02
2.113340e+05	2.045000e+02	2.395549151050e-02
2.113340e+05	2.180000e+02	2.311299608940e-02
2.113340e+05	2.324000e+02	2.213192939520e-02
2.113340e+05	2.478000e+02	2.131789648870e-02
2.113340e+05	2.642000e+02	2.051085008400e-02
2.113340e+05	2.816000e+02	1.992932743910e-02
2.113340e+05	3.002000e+02	1.939903519930e-02
2.113340e+05	3.201000e+02	1.900969916250e-02
2.113340e+05	3.412000e+02	1.874972291990e-02
2.113340e+05	3.638000e+02	1.859991483030e-02
2.113340e+05	3.879000e+02	1.846003391080e-02
2.113340e+05	4.135000e+02	1.829257235550e-02
2.113340e+05	4.408000e+02	1.811104167260e-02
2.113340e+05	4.700000e+02	1.777478623580e-02
2.113340e+05	5.011000e+02	1.714334114090e-02
2.113340e+05	5.342000e+02	1.626373251820e-02
2.113340e+05	5.695000e+02	1.502676962180e-02
2.113340e+05	6.072000e+02	1.340388513790e-02
2.113340e+05	6.473000e+02	1.154564035910e-02
     
3.225439e+05	5.000000e+01	3.593748080550e-02
3.225439e+05	5.330000e+01	3.584150986400e-02
3.225439e+05	5.680000e+01	3.603078199980e-02
3.225439e+05	6.060000e+01	3.650003388990e-02
3.225439e+05	6.460000e+01	3.725305942800e-02
3.225439e+05	6.890000e+01	3.830208549240e-02
3.225439e+05	7.340000e+01	3.803989195340e-02
3.225439e+05	7.830000e+01	3.713873120230e-02
3.225439e+05	8.340000e+01	3.666461057350e-02
3.225439e+05	8.900000e+01	3.657761701200e-02
3.225439e+05	9.480000e+01	3.645560873320e-02
3.225439e+05	1.011000e+02	3.633550995020e-02
3.225439e+05	1.078000e+02	3.691883761380e-02
3.225439e+05	1.149000e+02	3.744811367920e-02
3.225439e+05	1.225000e+02	3.790699446840e-02
3.225439e+05	1.306000e+02	3.855304506780e-02
3.225439e+05	1.393000e+02	3.899994161150e-02
3.225439e+05	1.485000e+02	3.944553380410e-02
3.225439e+05	1.583000e+02	3.951596810280e-02
3.225439e+05	1.687000e+02	3.940020311080e-02
3.225439e+05	1.799000e+02	3.881155219440e-02
3.225439e+05	1.918000e+02	3.779389118840e-02
3.225439e+05	2.045000e+02	3.645025543950e-02
3.225439e+05	2.180000e+02	3.510327356070e-02
3.225439e+05	2.324000e+02	3.353162008310e-02
3.225439e+05	2.478000e+02	3.221144145470e-02
3.225439e+05	2.642000e+02	3.091464666980e-02
3.225439e+05	2.816000e+02	2.997992931280e-02
3.225439e+05	3.002000e+02	2.914549488670e-02
3.225439e+05	3.201000e+02	2.854173485080e-02
3.225439e+05	3.412000e+02	2.814577362020e-02
3.225439e+05	3.638000e+02	2.792555531910e-02
3.225439e+05	3.879000e+02	2.772943732820e-02
3.225439e+05	4.135000e+02	2.749986322930e-02
3.225439e+05	4.408000e+02	2.725389012830e-02
3.225439e+05	4.700000e+02	2.677416109570e-02
3.225439e+05	5.011000e+02	2.584204470680e-02
3.225439e+05	5.342000e+02	2.452291107070e-02
3.225439e+05	5.695000e+02	2.265081521680e-02
3.225439e+05	6.072000e+02	2.018673494530e-02
3.225439e+05	6.473000e+02	1.736559652440e-02
     
4.922761e+05	5.000000e+01	5.484872964870e-02
4.922761e+05	5.330000e+01	5.470225867950e-02
4.922761e+05	5.680000e+01	5.499113134400e-02
4.922761e+05	6.060000e+01	5.570731612180e-02
4.922761e+05	6.460000e+01	5.685659943850e-02
4.922761e+05	6.890000e+01	5.845764188510e-02
4.922761e+05	7.340000e+01	5.805746048360e-02
4.922761e+05	7.830000e+01	5.668205825910e-02
4.922761e+05	8.340000e+01	5.595839732550e-02
4.922761e+05	8.900000e+01	5.582554465810e-02
4.922761e+05	9.480000e+01	5.563918274300e-02
4.922761e+05	1.011000e+02	5.545560468910e-02
4.922761e+05	1.078000e+02	5.634534753590e-02
4.922761e+05	1.149000e+02	5.715213584560e-02
4.922761e+05	1.225000e+02	5.785074618490e-02
4.922761e+05	1.306000e+02	5.883388396120e-02
4.922761e+05	1.393000e+02	5.951154339760e-02
4.922761e+05	1.485000e+02	6.018514085950e-02
4.922761e+05	1.583000e+02	6.028361610170e-02
4.922761e+05	1.687000e+02	6.009412628290e-02
4.922761e+05	1.799000e+02	5.917675272350e-02
4.922761e+05	1.918000e+02	5.759337796620e-02
4.922761e+05	2.045000e+02	5.549365824890e-02
4.922761e+05	2.180000e+02	5.336165112630e-02
4.922761e+05	2.324000e+02	5.085974765950e-02
4.922761e+05	2.478000e+02	4.872045627060e-02
4.922761e+05	2.642000e+02	4.661691351220e-02
4.922761e+05	2.816000e+02	4.508085886040e-02
4.922761e+05	3.002000e+02	4.373105486670e-02
4.922761e+05	3.201000e+02	4.276633824790e-02
4.922761e+05	3.412000e+02	4.214681918610e-02
4.922761e+05	3.638000e+02	4.181668346270e-02
4.922761e+05	3.879000e+02	4.154249254240e-02
4.922761e+05	4.135000e+02	4.123312208750e-02
4.922761e+05	4.408000e+02	4.090873167500e-02
4.922761e+05	4.700000e+02	4.023509495380e-02
4.922761e+05	5.011000e+02	3.887257195590e-02
4.922761e+05	5.342000e+02	3.690874895500e-02
4.922761e+05	5.695000e+02	3.408844006480e-02
4.922761e+05	6.072000e+02	3.035629873050e-02
4.922761e+05	6.473000e+02	2.607781213710e-02
     
7.513258e+05	5.000000e+01	8.371116763170e-02
7.513258e+05	5.330000e+01	8.348762815750e-02
7.513258e+05	5.680000e+01	8.392851778580e-02
7.513258e+05	6.060000e+01	8.502157094290e-02
7.513258e+05	6.460000e+01	8.677562443910e-02
7.513258e+05	6.890000e+01	8.921914945520e-02
7.513258e+05	7.340000e+01	8.860835571060e-02
7.513258e+05	7.830000e+01	8.650914577080e-02
7.513258e+05	8.340000e+01	8.540460419000e-02
7.513258e+05	8.900000e+01	8.520171395580e-02
7.513258e+05	9.480000e+01	8.491707303280e-02
7.513258e+05	1.011000e+02	8.463652027060e-02
7.513258e+05	1.078000e+02	8.599376663210e-02
7.513258e+05	1.149000e+02	8.722384230430e-02
7.513258e+05	1.225000e+02	8.828787132920e-02
7.513258e+05	1.306000e+02	8.978465691720e-02
7.513258e+05	1.393000e+02	9.081319441840e-02
7.513258e+05	1.485000e+02	9.183281701570e-02
7.513258e+05	1.583000e+02	9.197138530850e-02
7.513258e+05	1.687000e+02	9.166578150850e-02
7.513258e+05	1.799000e+02	9.024232798230e-02
7.513258e+05	1.918000e+02	8.779048050030e-02
7.513258e+05	2.045000e+02	8.453033321710e-02
7.513258e+05	2.180000e+02	8.118909752370e-02
7.513258e+05	2.324000e+02	7.724575959850e-02
7.513258e+05	2.478000e+02	7.381581734560e-02
7.513258e+05	2.642000e+02	7.041831386590e-02
7.513258e+05	2.816000e+02	6.788256774180e-02
7.513258e+05	3.002000e+02	6.565930948820e-02
7.513258e+05	3.201000e+02	6.406605203120e-02
7.513258e+05	3.412000e+02	6.304764560140e-02
7.513258e+05	3.638000e+02	6.251549300200e-02
7.513258e+05	3.879000e+02	6.211130922440e-02
7.513258e+05	4.135000e+02	6.168879569700e-02
7.513258e+05	4.408000e+02	6.126754978630e-02
7.513258e+05	4.700000e+02	6.033405541190e-02
7.513258e+05	5.011000e+02	5.836127073350e-02
7.513258e+05	5.342000e+02	5.546138451320e-02
7.513258e+05	5.695000e+02	5.123750743150e-02
7.513258e+05	6.072000e+02	4.560584168470e-02
7.513258e+05	6.473000e+02	3.913079674380e-02
     
1.146695e+06	5.000000e+01	1.277603811730e-01
1.146695e+06	5.330000e+01	1.274192473750e-01
1.146695e+06	5.680000e+01	1.280921549760e-01
1.146695e+06	6.060000e+01	1.297603850520e-01
1.146695e+06	6.460000e+01	1.324374165040e-01
1.146695e+06	6.890000e+01	1.361667037360e-01
1.146695e+06	7.340000e+01	1.352344447370e-01
1.146695e+06	7.830000e+01	1.320305213840e-01
1.146695e+06	8.340000e+01	1.303446203580e-01
1.146695e+06	8.900000e+01	1.300347431620e-01
1.146695e+06	9.480000e+01	1.295999776730e-01
1.146695e+06	1.011000e+02	1.291712532840e-01
1.146695e+06	1.078000e+02	1.312417512840e-01
1.146695e+06	1.149000e+02	1.331174975210e-01
1.146695e+06	1.225000e+02	1.347386939300e-01
1.146695e+06	1.306000e+02	1.370184999220e-01
1.146695e+06	1.393000e+02	1.385810367190e-01
1.146695e+06	1.485000e+02	1.401263841700e-01
1.146695e+06	1.583000e+02	1.403228562160e-01
1.146695e+06	1.687000e+02	1.398358654160e-01
1.146695e+06	1.799000e+02	1.376352175680e-01
1.146695e+06	1.918000e+02	1.338525940160e-01
1.146695e+06	2.045000e+02	1.288153048940e-01
1.146695e+06	2.180000e+02	1.236197655570e-01
1.146695e+06	2.324000e+02	1.174609270640e-01
1.146695e+06	2.478000e+02	1.120305641050e-01
1.146695e+06	2.642000e+02	1.066046248350e-01
1.146695e+06	2.816000e+02	1.024611277960e-01
1.146695e+06	3.002000e+02	9.880044705640e-02
1.146695e+06	3.201000e+02	9.613380530260e-02
1.146695e+06	3.412000e+02	9.439942463990e-02
1.146695e+06	3.638000e+02	9.347233010550e-02
1.146695e+06	3.879000e+02	9.281360047340e-02
1.146695e+06	4.135000e+02	9.219460652350e-02
1.146695e+06	4.408000e+02	9.163001046990e-02
1.146695e+06	4.700000e+02	9.033261252540e-02
1.146695e+06	5.011000e+02	8.748652728390e-02
1.146695e+06	5.342000e+02	8.322817409470e-02
1.146695e+06	5.695000e+02	7.693519456740e-02
1.146695e+06	6.072000e+02	6.847153226510e-02
1.146695e+06	6.473000e+02	5.869955115210e-02
     
1.750120e+06	5.000000e+01	1.949844129840e-01
1.750120e+06	5.330000e+01	1.944638988550e-01
1.750120e+06	5.680000e+01	1.954909432410e-01
1.750120e+06	6.060000e+01	1.980369746310e-01
1.750120e+06	6.460000e+01	2.021225679370e-01
1.750120e+06	6.890000e+01	2.078140213240e-01
1.750120e+06	7.340000e+01	2.063910673470e-01
1.750120e+06	7.830000e+01	2.015010867880e-01
1.750120e+06	8.340000e+01	1.989277666050e-01
1.750120e+06	8.900000e+01	1.984543568510e-01
1.750120e+06	9.480000e+01	1.977901593200e-01
1.750120e+06	1.011000e+02	1.971349079590e-01
1.750120e+06	1.078000e+02	2.002933852450e-01
1.750120e+06	1.149000e+02	2.031538566780e-01
1.750120e+06	1.225000e+02	2.056245441800e-01
1.750120e+06	1.306000e+02	2.090982050600e-01
1.750120e+06	1.393000e+02	2.114740218920e-01
1.750120e+06	1.485000e+02	2.138190752730e-01
1.750120e+06	1.583000e+02	2.141000679400e-01
1.750120e+06	1.687000e+02	2.133310525000e-01
1.750120e+06	1.799000e+02	2.099382054610e-01
1.750120e+06	1.918000e+02	2.041182152590e-01
1.750120e+06	2.045000e+02	1.963622329790e-01
1.750120e+06	2.180000e+02	1.883289322820e-01
1.750120e+06	2.324000e+02	1.787769972520e-01
1.750120e+06	2.478000e+02	1.702705838790e-01
1.750120e+06	2.642000e+02	1.617057374940e-01
1.750120e+06	2.816000e+02	1.550346921040e-01
1.750120e+06	3.002000e+02	1.490730874660e-01
1.750120e+06	3.201000e+02	1.446328816620e-01
1.750120e+06	3.412000e+02	1.416570594960e-01
1.750120e+06	3.638000e+02	1.399841860470e-01
1.750120e+06	3.879000e+02	1.388199770290e-01
1.750120e+06	4.135000e+02	1.378223846530e-01
1.750120e+06	4.408000e+02	1.370007593430e-01
1.750120e+06	4.700000e+02	1.351549535380e-01
1.750120e+06	5.011000e+02	1.310283239220e-01
1.750120e+06	5.342000e+02	1.247784915090e-01
1.750120e+06	5.695000e+02	1.154274300190e-01
1.750120e+06	6.072000e+02	1.027450590070e-01
1.750120e+06	6.473000e+02	8.803512491130e-02
     
2.671082e+06	5.000000e+01	2.975640960720e-01
2.671082e+06	5.330000e+01	2.967701497210e-01
2.671082e+06	5.680000e+01	2.983377671940e-01
2.671082e+06	6.060000e+01	3.022233567710e-01
2.671082e+06	6.460000e+01	3.084582919040e-01
2.671082e+06	6.890000e+01	3.171437247950e-01
2.671082e+06	7.340000e+01	3.149716930960e-01
2.671082e+06	7.830000e+01	3.075084417610e-01
2.671082e+06	8.340000e+01	3.035803738720e-01
2.671082e+06	8.900000e+01	3.028566615090e-01
2.671082e+06	9.480000e+01	3.018414311940e-01
2.671082e+06	1.011000e+02	3.008393986950e-01
2.671082e+06	1.078000e+02	3.056567018980e-01
2.671082e+06	1.149000e+02	3.100182418660e-01
2.671082e+06	1.225000e+02	3.137834772170e-01
2.671082e+06	1.306000e+02	3.190769146820e-01
2.671082e+06	1.393000e+02	3.226915309600e-01
2.671082e+06	1.485000e+02	3.262540794540e-01
2.671082e+06	1.583000e+02	3.266603339300e-01
2.671082e+06	1.687000e+02	3.254558012230e-01
2.671082e+06	1.799000e+02	3.202371598970e-01
2.671082e+06	1.918000e+02	3.113008320490e-01
2.671082e+06	2.045000e+02	2.993886697700e-01
2.671082e+06	2.180000e+02	2.870170414880e-01
2.671082e+06	2.324000e+02	2.722774502990e-01
2.671082e+06	2.478000e+02	2.590594404350e-01
2.671082e+06	2.642000e+02	2.456709198060e-01
2.671082e+06	2.816000e+02	2.350799270930e-01
2.671082e+06	3.002000e+02	2.255053144730e-01
2.671082e+06	3.201000e+02	2.182133314130e-01
2.671082e+06	3.412000e+02	2.131613446910e-01
2.671082e+06	3.638000e+02	2.101502578610e-01
2.671082e+06	3.879000e+02	2.080238129000e-01
2.671082e+06	4.135000e+02	2.062917652520e-01
2.671082e+06	4.408000e+02	2.049692942200e-01
2.671082e+06	4.700000e+02	2.022410607200e-01
2.671082e+06	5.011000e+02	1.961847650200e-01
2.671082e+06	5.342000e+02	1.869737035790e-01
2.671082e+06	5.695000e+02	1.730747162320e-01
2.671082e+06	6.072000e+02	1.540954171080e-01
2.671082e+06	6.473000e+02	1.319908850710e-01
     
4.076681e+06	5.000000e+01	4.540544693030e-01
4.076681e+06	5.330000e+01	4.528444089890e-01
4.076681e+06	5.680000e+01	4.552373509840e-01
4.076681e+06	6.060000e+01	4.611667955910e-01
4.076681e+06	6.460000e+01	4.706805618320e-01
4.076681e+06	6.890000e+01	4.839329410510e-01
4.076681e+06	7.340000e+01	4.806171010580e-01
4.076681e+06	7.830000e+01	4.692266882350e-01
4.076681e+06	8.340000e+01	4.632299544810e-01
4.076681e+06	8.900000e+01	4.621219470810e-01
4.076681e+06	9.480000e+01	4.605682810880e-01
4.076681e+06	1.011000e+02	4.590338709440e-01
4.076681e+06	1.078000e+02	4.663777630720e-01
4.076681e+06	1.149000e+02	4.730248566680e-01
4.076681e+06	1.225000e+02	4.787604280640e-01
4.076681e+06	1.306000e+02	4.868253660880e-01
4.076681e+06	1.393000e+02	4.923256265020e-01
4.076681e+06	1.485000e+02	4.977417850910e-01
4.076681e+06	1.583000e+02	4.983361337470e-01
4.076681e+06	1.687000e+02	4.964643515080e-01
4.076681e+06	1.799000e+02	4.884573452140e-01
4.076681e+06	1.918000e+02	4.747631570520e-01
4.076681e+06	2.045000e+02	4.565060003880e-01
4.076681e+06	2.180000e+02	4.375104060220e-01
4.076681e+06	2.324000e+02	4.148497793190e-01
4.076681e+06	2.478000e+02	3.944315599810e-01
4.076681e+06	2.642000e+02	3.736598363400e-01
4.076681e+06	2.816000e+02	3.570395127730e-01
4.076681e+06	3.002000e+02	3.418653146240e-01
4.076681e+06	3.201000e+02	3.300828586290e-01
4.076681e+06	3.412000e+02	3.216662656310e-01
4.076681e+06	3.638000e+02	3.163669871910e-01
4.076681e+06	3.879000e+02	3.125026565480e-01
4.076681e+06	4.135000e+02	3.093910319750e-01
4.076681e+06	4.408000e+02	3.070856825500e-01
4.076681e+06	4.700000e+02	3.028665429650e-01
4.076681e+06	5.011000e+02	2.938195237230e-01
4.076681e+06	5.342000e+02	2.801307986970e-01
4.076681e+06	5.695000e+02	2.594112575330e-01
4.076681e+06	6.072000e+02	2.309991193860e-01
4.076681e+06	6.473000e+02	1.978099858310e-01
     
6.221946e+06	5.000000e+01	6.926450454700e-01
6.221946e+06	5.330000e+01	6.908041651790e-01
6.221946e+06	5.680000e+01	6.944577797690e-01
6.221946e+06	6.060000e+01	7.035044084080e-01
6.221946e+06	6.460000e+01	7.180169037160e-01
6.221946e+06	6.890000e+01	7.382303867350e-01
6.221946e+06	7.340000e+01	7.331670812610e-01
6.221946e+06	7.830000e+01	7.157841106220e-01
6.221946e+06	8.340000e+01	7.066268639770e-01
6.221946e+06	8.900000e+01	7.049247935370e-01
6.221946e+06	9.480000e+01	7.025406181460e-01
6.221946e+06	1.011000e+02	7.001836676580e-01
6.221946e+06	1.078000e+02	7.113668871140e-01
6.221946e+06	1.149000e+02	7.214850421710e-01
6.221946e+06	1.225000e+02	7.302110947700e-01
6.221946e+06	1.306000e+02	7.424885384400e-01
6.221946e+06	1.393000e+02	7.508533600110e-01
6.221946e+06	1.485000e+02	7.590888900490e-01
6.221946e+06	1.583000e+02	7.599691049420e-01
6.221946e+06	1.687000e+02	7.570846642490e-01
6.221946e+06	1.799000e+02	7.448365612750e-01
6.221946e+06	1.918000e+02	7.239018849410e-01
6.221946e+06	2.045000e+02	6.959850981020e-01
6.221946e+06	2.180000e+02	6.669024509640e-01
6.221946e+06	2.324000e+02	6.321736302990e-01
6.221946e+06	2.478000e+02	6.007794757880e-01
6.221946e+06	2.642000e+02	5.687414821060e-01
6.221946e+06	2.816000e+02	5.428980560080e-01
6.221946e+06	3.002000e+02	5.191213060690e-01
6.221946e+06	3.201000e+02	5.003747526150e-01
6.221946e+06	3.412000e+02	4.866417597280e-01
6.221946e+06	3.638000e+02	4.775907540550e-01
6.221946e+06	3.879000e+02	4.707490645660e-01
6.221946e+06	4.135000e+02	4.651716634430e-01
6.221946e+06	4.408000e+02	4.610089138200e-01
6.221946e+06	4.700000e+02	4.542158415070e-01
6.221946e+06	5.011000e+02	4.404181880380e-01
6.221946e+06	5.342000e+02	4.198322760000e-01
6.221946e+06	5.695000e+02	3.887726955490e-01
6.221946e+06	6.072000e+02	3.461525070210e-01
6.221946e+06	6.473000e+02	2.963094583910e-01
     
9.496120e+06	5.000000e+01	1.055900880000e+00
9.496120e+06	5.330000e+01	1.053112282090e+00
9.496120e+06	5.680000e+01	1.058693502840e+00
9.496120e+06	6.060000e+01	1.072489802080e+00
9.496120e+06	6.460000e+01	1.094611916860e+00
9.496120e+06	6.890000e+01	1.125417527640e+00
9.496120e+06	7.340000e+01	1.117681265570e+00
9.496120e+06	7.830000e+01	1.091157021180e+00
9.496120e+06	8.340000e+01	1.077165384990e+00
9.496120e+06	8.900000e+01	1.074531102480e+00
9.496120e+06	9.480000e+01	1.070850039890e+00
9.496120e+06	1.011000e+02	1.067204417730e+00
9.496120e+06	1.078000e+02	1.084190782730e+00
9.496120e+06	1.149000e+02	1.099549378160e+00
9.496120e+06	1.225000e+02	1.112785336230e+00
9.496120e+06	1.306000e+02	1.131436373250e+00
9.496120e+06	1.393000e+02	1.144133307650e+00
9.496120e+06	1.485000e+02	1.156646654100e+00
9.496120e+06	1.583000e+02	1.157969775430e+00
9.496120e+06	1.687000e+02	1.153574397730e+00
9.496120e+06	1.799000e+02	1.134924024610e+00
9.496120e+06	1.918000e+02	1.103038098590e+00
9.496120e+06	2.045000e+02	1.060495016500e+00
9.496120e+06	2.180000e+02	1.016133380010e+00
9.496120e+06	2.324000e+02	9.630999238910e-01
9.496120e+06	2.478000e+02	9.150492345980e-01
9.496120e+06	2.642000e+02	8.658928425780e-01
9.496120e+06	2.816000e+02	8.260172368810e-01
9.496120e+06	3.002000e+02	7.891174851850e-01
9.496120e+06	3.201000e+02	7.596920278100e-01
9.496120e+06	3.412000e+02	7.377180153490e-01
9.496120e+06	3.638000e+02	7.227171722630e-01
9.496120e+06	3.879000e+02	7.110039861750e-01
9.496120e+06	4.135000e+02	7.012431849910e-01
9.496120e+06	4.408000e+02	6.937610663860e-01
9.496120e+06	4.700000e+02	6.825549916760e-01
9.496120e+06	5.011000e+02	6.611061702790e-01
9.496120e+06	5.342000e+02	6.297260359110e-01
9.496120e+06	5.695000e+02	5.828069991920e-01
9.496120e+06	6.072000e+02	5.186348841950e-01
9.496120e+06	6.473000e+02	4.436779684970e-01
     
1.449325e+07	5.000000e+01	1.607161956830e+00
1.449325e+07	5.330000e+01	1.602979669730e+00
1.449325e+07	5.680000e+01	1.611514927780e+00
1.449325e+07	6.060000e+01	1.632532245170e+00
1.449325e+07	6.460000e+01	1.666198969950e+00
1.449325e+07	6.890000e+01	1.713057147990e+00
1.449325e+07	7.340000e+01	1.701221454300e+00
1.449325e+07	7.830000e+01	1.660763958510e+00
1.449325e+07	8.340000e+01	1.639358344170e+00
1.449325e+07	8.900000e+01	1.635213970210e+00
1.449325e+07	9.480000e+01	1.629453980310e+00
1.449325e+07	1.011000e+02	1.623729219550e+00
1.449325e+07	1.078000e+02	1.649379490130e+00
1.449325e+07	1.149000e+02	1.672542954740e+00
1.449325e+07	1.225000e+02	1.692480955670e+00
1.449325e+07	1.306000e+02	1.720675511510e+00
1.449325e+07	1.393000e+02	1.739857336200e+00
1.449325e+07	1.485000e+02	1.758826016220e+00
1.449325e+07	1.583000e+02	1.760864382570e+00
1.449325e+07	1.687000e+02	1.754301876390e+00
1.449325e+07	1.799000e+02	1.726147144750e+00
1.449325e+07	1.918000e+02	1.677917971340e+00
1.449325e+07	2.045000e+02	1.613486790910e+00
1.449325e+07	2.180000e+02	1.546245625070e+00
1.449325e+07	2.324000e+02	1.465712903540e+00
1.449325e+07	2.478000e+02	1.392621756050e+00
1.449325e+07	2.642000e+02	1.317669656220e+00
1.449325e+07	2.816000e+02	1.256632732930e+00
1.449325e+07	3.002000e+02	1.199892908600e+00
1.449325e+07	3.201000e+02	1.154275739780e+00
1.449325e+07	3.412000e+02	1.119734951280e+00
1.449325e+07	3.638000e+02	1.095547293750e+00
1.449325e+07	3.879000e+02	1.076158131330e+00
1.449325e+07	4.135000e+02	1.059622867140e+00
1.449325e+07	4.408000e+02	1.046535710700e+00
1.449325e+07	4.700000e+02	1.027953437480e+00
1.449325e+07	5.011000e+02	9.941788197180e-01
1.449325e+07	5.342000e+02	9.457580604470e-01
1.449325e+07	5.695000e+02	8.742823955800e-01
1.449325e+07	6.072000e+02	7.771855367680e-01
1.449325e+07	6.473000e+02	6.641884472970e-01
     
2.212000e+07	5.000000e+01	2.437477783740e+00
2.212000e+07	5.330000e+01	2.431349329880e+00
2.212000e+07	5.680000e+01	2.444432654090e+00
2.212000e+07	6.060000e+01	2.476370767380e+00
2.212000e+07	6.460000e+01	2.527413605710e+00
2.212000e+07	6.890000e+01	2.598375244300e+00
2.212000e+07	7.340000e+01	2.580215999500e+00
2.212000e+07	7.830000e+01	2.518562642390e+00
2.212000e+07	8.340000e+01	2.485723807310e+00
2.212000e+07	8.900000e+01	2.478978491010e+00
2.212000e+07	9.480000e+01	2.469709281940e+00
2.212000e+07	1.011000e+02	2.460433855770e+00
2.212000e+07	1.078000e+02	2.498651730610e+00
2.212000e+07	1.149000e+02	2.533074808670e+00
2.212000e+07	1.225000e+02	2.562635344260e+00
2.212000e+07	1.306000e+02	2.604782166400e+00
2.212000e+07	1.393000e+02	2.633448447210e+00
2.212000e+07	1.485000e+02	2.662041690890e+00
2.212000e+07	1.583000e+02	2.665333688810e+00
2.212000e+07	1.687000e+02	2.655968262980e+00
2.212000e+07	1.799000e+02	2.614252792300e+00
2.212000e+07	1.918000e+02	2.542383160350e+00
2.212000e+07	2.045000e+02	2.446071535630e+00
2.212000e+07	2.180000e+02	2.345457321420e+00
2.212000e+07	2.324000e+02	2.224499564170e+00
2.212000e+07	2.478000e+02	2.114549940300e+00
2.212000e+07	2.642000e+02	2.001426272970e+00
2.212000e+07	2.816000e+02	1.909056502110e+00
2.212000e+07	3.002000e+02	1.822819798080e+00
2.212000e+07	3.201000e+02	1.753081116960e+00
2.212000e+07	3.412000e+02	1.699767655750e+00
2.212000e+07	3.638000e+02	1.661780126940e+00
2.212000e+07	3.879000e+02	1.630705532170e+00
2.212000e+07	4.135000e+02	1.603644071030e+00
2.212000e+07	4.408000e+02	1.581567002980e+00
2.212000e+07	4.700000e+02	1.551058934780e+00
2.212000e+07	5.011000e+02	1.497648646300e+00
2.212000e+07	5.342000e+02	1.422347488120e+00
2.212000e+07	5.695000e+02	1.312694939850e+00
2.212000e+07	6.072000e+02	1.165064586830e+00
2.212000e+07	6.473000e+02	9.942402980120e-01
     
